Samid	CADD	DANN	FATHMM	GERP++	M-CAP	MetaLR	MetaSVM	MutationTaster	PROVEAN	PolyHDIV	PolyHVAR	SIFT	VEST3	fathmm-mkl	phast	phylop
Ctrl_1	0.78424500535	2.60029691077	1.06514577971	2.19691642497	0.0260524334102	0.172893421722	0.547677679713	0.0236840303729	1.60408420425	2.38233066415	2.16486786903	2.69861796247	0.480265333315	1.44803650747	2.34471900692	2.91937277866
Ctrl_10	0.261999215842	1.15033176884	0.701293631101	0.500807042721	0.0	0.00216564891803	0.332244094526	0.0	0.936863674885	0.968504237608	0.298532481534	1.45248681188	0.164741743266	0.0782885354413	0.00541412229507	1.51504873036
Ctrl_100	0.128019603237	0.387252458853	0.491303567902	0.257051387331	0.0	0.0	0.216285893427	0.0	0.625581426785	0.0347687966153	0.0119892402122	0.659408211669	0.0539515809547	0.115096706037	0.0	1.00460907903
Ctrl_101	0.0774434429204	0.234262276515	0.297206356333	0.15549918871	0.0	0.0	0.13083874515	0.0	0.378435632451	0.0210328359719	0.00725270205929	0.398898613261	0.0326371592668	0.0696259397692	0.0	0.607722441733
Ctrl_102	0.0774434429204	0.234262276515	0.297206356333	0.15549918871	0.0	0.0	0.13083874515	0.0	0.378435632451	0.0210328359719	0.00725270205929	0.398898613261	0.0326371592668	0.0696259397692	0.0	0.607722441733
Ctrl_103	0.0	0.0	0.0	0.0	0.0	0.0	0.0	0.0	0.0	0.0	0.0	0.0	0.0	0.0	0.0	0.0
Ctrl_104	0.184555772922	0.916069492325	0.404087274768	0.345307854011	0.0	0.00216564891803	0.201405349376	0.0	0.558428042434	0.947471401637	0.291279779475	1.05358819862	0.132104584	0.00866259567211	0.00541412229507	0.907326288631
Ctrl_105	0.0774434429204	0.234262276515	0.297206356333	0.15549918871	0.0	0.0	0.13083874515	0.0	0.378435632451	0.0210328359719	0.00725270205929	0.398898613261	0.0326371592668	0.0696259397692	0.0	0.607722441733
Ctrl_106	0.128019603237	0.387252458853	0.491303567902	0.257051387331	0.0	0.0	0.216285893427	0.0	0.625581426785	0.0347687966153	0.0119892402122	0.659408211669	0.0539515809547	0.115096706037	0.0	1.00460907903
Ctrl_107	0.481629106943	1.70539193168	0.916612460874	1.42798061959	0.0	0.203219111524	0.468064662099	0.0	1.28776752641	1.49216249113	1.33406733599	1.87002826842	0.355137053642	0.37150940254	0.695068265502	1.96520932346
Ctrl_108	0.0774434429204	0.234262276515	0.297206356333	0.15549918871	0.0	0.0	0.13083874515	0.0	0.378435632451	0.0210328359719	0.00725270205929	0.398898613261	0.0326371592668	0.0696259397692	0.0	0.607722441733
Ctrl_109	0.0	0.0	0.0	0.0	0.0	0.0	0.0	0.0	0.0	0.0	0.0	0.0	0.0	0.0	0.0	0.0
Ctrl_11	0.184555772922	0.916069492325	0.404087274768	0.345307854011	0.0	0.00216564891803	0.201405349376	0.0	0.558428042434	0.947471401637	0.291279779475	1.05358819862	0.132104584	0.00866259567211	0.00541412229507	0.907326288631
Ctrl_110	0.0774434429204	0.234262276515	0.297206356333	0.15549918871	0.0	0.0	0.13083874515	0.0	0.378435632451	0.0210328359719	0.00725270205929	0.398898613261	0.0326371592668	0.0696259397692	0.0	0.607722441733
Ctrl_111	0.0	0.0	0.0	0.0	0.0	0.0	0.0	0.0	0.0	0.0	0.0	0.0	0.0	0.0	0.0	0.0
Ctrl_112	0.666184879865	2.621461424	1.32069973564	1.7732884736	0.0	0.205384760442	0.669470011475	0.0	1.84619556884	2.43963389277	1.62534711547	2.92361646704	0.487241637641	0.380171998212	0.700482387797	2.87253561209
Ctrl_113	0.0	0.0	0.0	0.0	0.0	0.0	0.0	0.0	0.0	0.0	0.0	0.0	0.0	0.0	0.0	0.0
Ctrl_114	0.0	0.0	0.0	0.0	0.0	0.0	0.0	0.0	0.0	0.0	0.0	0.0	0.0	0.0	0.0	0.0
Ctrl_115	0.0774434429204	0.234262276515	0.297206356333	0.15549918871	0.0	0.0	0.13083874515	0.0	0.378435632451	0.0210328359719	0.00725270205929	0.398898613261	0.0326371592668	0.0696259397692	0.0	0.607722441733
Ctrl_116	0.0	0.0	0.0	0.0	0.0	0.0	0.0	0.0	0.0	0.0	0.0	0.0	0.0	0.0	0.0	0.0
Ctrl_117	0.0774434429204	0.234262276515	0.297206356333	0.15549918871	0.0	0.0	0.13083874515	0.0	0.378435632451	0.0210328359719	0.00725270205929	0.398898613261	0.0326371592668	0.0696259397692	0.0	0.607722441733
Ctrl_118	0.0	0.0	0.0	0.0	0.0	0.0	0.0	0.0	0.0	0.0	0.0	0.0	0.0	0.0	0.0	0.0
Ctrl_12	0.0	0.0	0.0	0.0	0.0	0.0	0.0	0.0	0.0	0.0	0.0	0.0	0.0	0.0	0.0	0.0
Ctrl_120	0.0774434429204	0.234262276515	0.297206356333	0.15549918871	0.0	0.0	0.13083874515	0.0	0.378435632451	0.0210328359719	0.00725270205929	0.398898613261	0.0326371592668	0.0696259397692	0.0	0.607722441733
Ctrl_121	0.184555772922	0.916069492325	0.404087274768	0.345307854011	0.0	0.00216564891803	0.201405349376	0.0	0.558428042434	0.947471401637	0.291279779475	1.05358819862	0.132104584	0.00866259567211	0.00541412229507	0.907326288631
Ctrl_122	0.0774434429204	0.234262276515	0.297206356333	0.15549918871	0.0	0.0	0.13083874515	0.0	0.378435632451	0.0210328359719	0.00725270205929	0.398898613261	0.0326371592668	0.0696259397692	0.0	0.607722441733
Ctrl_123	0.0	0.0	0.0	0.0	0.0	0.0	0.0	0.0	0.0	0.0	0.0	0.0	0.0	0.0	0.0	0.0
Ctrl_124	2.43511927758	3.945854727	2.89333798219	3.79137056639	1.70351119543	1.95977002229	2.40408913267	3.56045921616	3.64354654261	3.59522801278	3.54645118409	4.21986742783	3.50299391587	3.55856819689	3.56045921616	4.54570505017
Ctrl_126	0.0	0.0	0.0	0.0	0.0	0.0	0.0	0.0	0.0	0.0	0.0	0.0	0.0	0.0	0.0	0.0
Ctrl_127	0.0	0.0	0.0	0.0	0.0	0.0	0.0	0.0	0.0	0.0	0.0	0.0	0.0	0.0	0.0	0.0
Ctrl_128	0.0	0.0	0.0	0.0	0.0	0.0	0.0	0.0	0.0	0.0	0.0	0.0	0.0	0.0	0.0	0.0
Ctrl_129	0.261999215842	1.15033176884	0.701293631101	0.500807042721	0.0	0.00216564891803	0.332244094526	0.0	0.936863674885	0.968504237608	0.298532481534	1.45248681188	0.164741743266	0.0782885354413	0.00541412229507	1.51504873036
Ctrl_13	0.0	0.0	0.0	0.0	0.0	0.0	0.0	0.0	0.0	0.0	0.0	0.0	0.0	0.0	0.0	0.0
Ctrl_130	0.0774434429204	0.234262276515	0.297206356333	0.15549918871	0.0	0.0	0.13083874515	0.0	0.378435632451	0.0210328359719	0.00725270205929	0.398898613261	0.0326371592668	0.0696259397692	0.0	0.607722441733
Ctrl_131	0.0	0.0	0.0	0.0	0.0	0.0	0.0	0.0	0.0	0.0	0.0	0.0	0.0	0.0	0.0	0.0
Ctrl_132	1.57633808857	5.37786815813	2.42542242706	4.88659612822	0.486175249338	1.35524307191	1.71187718706	3.52300905317	3.62103796723	5.02890750495	4.85828991827	5.62536284758	3.27941093514	3.72508566974	3.17878964799	5.84836898969
Ctrl_133	0.481629106943	1.70539193168	0.916612460874	1.42798061959	0.0	0.203219111524	0.468064662099	0.0	1.28776752641	1.49216249113	1.33406733599	1.87002826842	0.355137053642	0.37150940254	0.695068265502	1.96520932346
Ctrl_134	0.0	0.0	0.0	0.0	0.0	0.0	0.0	0.0	0.0	0.0	0.0	0.0	0.0	0.0	0.0	0.0
Ctrl_137	0.0774434429204	0.234262276515	0.297206356333	0.15549918871	0.0	0.0	0.13083874515	0.0	0.378435632451	0.0210328359719	0.00725270205929	0.398898613261	0.0326371592668	0.0696259397692	0.0	0.607722441733
Ctrl_138	0.261999215842	1.15033176884	0.701293631101	0.500807042721	0.0	0.00216564891803	0.332244094526	0.0	0.936863674885	0.968504237608	0.298532481534	1.45248681188	0.164741743266	0.0782885354413	0.00541412229507	1.51504873036
Ctrl_139	0.481629106943	1.70539193168	0.916612460874	1.42798061959	0.0	0.203219111524	0.468064662099	0.0	1.28776752641	1.49216249113	1.33406733599	1.87002826842	0.355137053642	0.37150940254	0.695068265502	1.96520932346
Ctrl_14	0.184555772922	0.916069492325	0.404087274768	0.345307854011	0.0	0.00216564891803	0.201405349376	0.0	0.558428042434	0.947471401637	0.291279779475	1.05358819862	0.132104584	0.00866259567211	0.00541412229507	0.907326288631
Ctrl_143	0.0	0.0	0.0	0.0	0.0	0.0	0.0	0.0	0.0	0.0	0.0	0.0	0.0	0.0	0.0	0.0
Ctrl_144	0.0	0.0	0.0	0.0	0.0	0.0	0.0	0.0	0.0	0.0	0.0	0.0	0.0	0.0	0.0	0.0
Ctrl_145	0.53220526726	1.85838211401	1.11070967244	1.52953281821	0.0	0.203219111524	0.553511810376	0.0	1.53491332074	1.50589845178	1.33880387415	2.13053786683	0.37645147533	0.416980168808	0.695068265502	2.36209596076
Ctrl_148	0.184555772922	0.916069492325	0.404087274768	0.345307854011	0.0	0.00216564891803	0.201405349376	0.0	0.558428042434	0.947471401637	0.291279779475	1.05358819862	0.132104584	0.00866259567211	0.00541412229507	0.907326288631
Ctrl_15	0.0	0.0	0.0	0.0	0.0	0.0	0.0	0.0	0.0	0.0	0.0	0.0	0.0	0.0	0.0	0.0
Ctrl_150	0.184555772922	0.916069492325	0.404087274768	0.345307854011	0.0	0.00216564891803	0.201405349376	0.0	0.558428042434	0.947471401637	0.291279779475	1.05358819862	0.132104584	0.00866259567211	0.00541412229507	0.907326288631
Ctrl_151	1.37392850417	5.68677904106	2.34086806232	5.14182937787	1.34113264905	1.49166992798	1.56370475144	2.82578884721	3.1475271468	5.30378219226	2.02434914707	5.51082305358	2.47032530496	4.46277079436	2.08302266181	5.61875207515
Ctrl_152	0.0	0.0	0.0	0.0	0.0	0.0	0.0	0.0	0.0	0.0	0.0	0.0	0.0	0.0	0.0	0.0
Ctrl_153	0.0774434429204	0.234262276515	0.297206356333	0.15549918871	0.0	0.0	0.13083874515	0.0	0.378435632451	0.0210328359719	0.00725270205929	0.398898613261	0.0326371592668	0.0696259397692	0.0	0.607722441733
Ctrl_154	0.261999215842	1.15033176884	0.701293631101	0.500807042721	0.0	0.00216564891803	0.332244094526	0.0	0.936863674885	0.968504237608	0.298532481534	1.45248681188	0.164741743266	0.0782885354413	0.00541412229507	1.51504873036
Ctrl_155	0.0	0.0	0.0	0.0	0.0	0.0	0.0	0.0	0.0	0.0	0.0	0.0	0.0	0.0	0.0	0.0
Ctrl_156	0.0774434429204	0.234262276515	0.297206356333	0.15549918871	0.0	0.0	0.13083874515	0.0	0.378435632451	0.0210328359719	0.00725270205929	0.398898613261	0.0326371592668	0.0696259397692	0.0	0.607722441733
Ctrl_157	1.78095463835	1.93777347195	2.00071755177	1.85901038414	1.70351119543	1.70351119543	1.83434994058	1.70351119543	2.08194682788	1.72454403141	1.71076389749	2.10240980869	1.7361483547	1.7731371352	1.70351119543	2.31123363717
Ctrl_158	0.0	0.0	0.0	0.0	0.0	0.0	0.0	0.0	0.0	0.0	0.0	0.0	0.0	0.0	0.0	0.0
Ctrl_159	0.0	0.0	0.0	0.0	0.0	0.0	0.0	0.0	0.0	0.0	0.0	0.0	0.0	0.0	0.0	0.0
Ctrl_16	0.0774434429204	0.234262276515	0.297206356333	0.15549918871	0.0	0.0	0.13083874515	0.0	0.378435632451	0.0210328359719	0.00725270205929	0.398898613261	0.0326371592668	0.0696259397692	0.0	0.607722441733
Ctrl_160	0.0774434429204	0.234262276515	0.297206356333	0.15549918871	0.0	0.0	0.13083874515	0.0	0.378435632451	0.0210328359719	0.00725270205929	0.398898613261	0.0326371592668	0.0696259397692	0.0	0.607722441733
Ctrl_162	0.726061453789	4.01584913124	1.70937937983	3.58138836631	0.0	0.0782575728139	0.85094813386	0.943209693388	2.24769870789	0.164752784871	0.094732851301	3.48040258041	0.226535079198	3.7069376596	1.73402306077	3.7908727242
Ctrl_163	0.0	0.0	0.0	0.0	0.0	0.0	0.0	0.0	0.0	0.0	0.0	0.0	0.0	0.0	0.0	0.0
Ctrl_164	0.0	0.0	0.0	0.0	0.0	0.0	0.0	0.0	0.0	0.0	0.0	0.0	0.0	0.0	0.0	0.0
Ctrl_165	0.0	0.0	0.0	0.0	0.0	0.0	0.0	0.0	0.0	0.0	0.0	0.0	0.0	0.0	0.0	0.0
Ctrl_166	0.0	0.0	0.0	0.0	0.0	0.0	0.0	0.0	0.0	0.0	0.0	0.0	0.0	0.0	0.0	0.0
Ctrl_167	0.481629106943	1.70539193168	0.916612460874	1.42798061959	0.0	0.203219111524	0.468064662099	0.0	1.28776752641	1.49216249113	1.33406733599	1.87002826842	0.355137053642	0.37150940254	0.695068265502	1.96520932346
Ctrl_168	0.184555772922	0.916069492325	0.404087274768	0.345307854011	0.0	0.00216564891803	0.201405349376	0.0	0.558428042434	0.947471401637	0.291279779475	1.05358819862	0.132104584	0.00866259567211	0.00541412229507	0.907326288631
Ctrl_169	0.261999215842	1.15033176884	0.701293631101	0.500807042721	0.0	0.00216564891803	0.332244094526	0.0	0.936863674885	0.968504237608	0.298532481534	1.45248681188	0.164741743266	0.0782885354413	0.00541412229507	1.51504873036
Ctrl_17	1.83153079867	2.09076365429	2.19481476334	1.96056258276	1.70351119543	1.70351119543	1.91979708886	1.70351119543	2.32909262222	1.73827999205	1.71550043565	2.3629194071	1.75746277639	1.81860790147	1.70351119543	2.70812027446
Ctrl_170	0.261999215842	1.15033176884	0.701293631101	0.500807042721	0.0	0.00216564891803	0.332244094526	0.0	0.936863674885	0.968504237608	0.298532481534	1.45248681188	0.164741743266	0.0782885354413	0.00541412229507	1.51504873036
Ctrl_171	0.0	0.0	0.0	0.0	0.0	0.0	0.0	0.0	0.0	0.0	0.0	0.0	0.0	0.0	0.0	0.0
Ctrl_172	0.0	0.0	0.0	0.0	0.0	0.0	0.0	0.0	0.0	0.0	0.0	0.0	0.0	0.0	0.0	0.0
Ctrl_174	0.0	0.0	0.0	0.0	0.0	0.0	0.0	0.0	0.0	0.0	0.0	0.0	0.0	0.0	0.0	0.0
Ctrl_175	0.184555772922	0.916069492325	0.404087274768	0.345307854011	0.0	0.00216564891803	0.201405349376	0.0	0.558428042434	0.947471401637	0.291279779475	1.05358819862	0.132104584	0.00866259567211	0.00541412229507	0.907326288631
Ctrl_177	0.0	0.0	0.0	0.0	0.0	0.0	0.0	0.0	0.0	0.0	0.0	0.0	0.0	0.0	0.0	0.0
Ctrl_178	0.481629106943	1.70539193168	0.916612460874	1.42798061959	0.0	0.203219111524	0.468064662099	0.0	1.28776752641	1.49216249113	1.33406733599	1.87002826842	0.355137053642	0.37150940254	0.695068265502	1.96520932346
Ctrl_179	0.0	0.0	0.0	0.0	0.0	0.0	0.0	0.0	0.0	0.0	0.0	0.0	0.0	0.0	0.0	0.0
Ctrl_18	0.0	0.0	0.0	0.0	0.0	0.0	0.0	0.0	0.0	0.0	0.0	0.0	0.0	0.0	0.0	0.0
Ctrl_181	0.184555772922	0.916069492325	0.404087274768	0.345307854011	0.0	0.00216564891803	0.201405349376	0.0	0.558428042434	0.947471401637	0.291279779475	1.05358819862	0.132104584	0.00866259567211	0.00541412229507	0.907326288631
Ctrl_182	0.184555772922	0.916069492325	0.404087274768	0.345307854011	0.0	0.00216564891803	0.201405349376	0.0	0.558428042434	0.947471401637	0.291279779475	1.05358819862	0.132104584	0.00866259567211	0.00541412229507	0.907326288631
Ctrl_183	0.184555772922	0.916069492325	0.404087274768	0.345307854011	0.0	0.00216564891803	0.201405349376	0.0	0.558428042434	0.947471401637	0.291279779475	1.05358819862	0.132104584	0.00866259567211	0.00541412229507	0.907326288631
Ctrl_184	0.0774434429204	0.234262276515	0.297206356333	0.15549918871	0.0	0.0	0.13083874515	0.0	0.378435632451	0.0210328359719	0.00725270205929	0.398898613261	0.0326371592668	0.0696259397692	0.0	0.607722441733
Ctrl_185	0.0	0.0	0.0	0.0	0.0	0.0	0.0	0.0	0.0	0.0	0.0	0.0	0.0	0.0	0.0	0.0
Ctrl_186	0.184555772922	0.916069492325	0.404087274768	0.345307854011	0.0	0.00216564891803	0.201405349376	0.0	0.558428042434	0.947471401637	0.291279779475	1.05358819862	0.132104584	0.00866259567211	0.00541412229507	0.907326288631
Ctrl_187	0.0	0.0	0.0	0.0	0.0	0.0	0.0	0.0	0.0	0.0	0.0	0.0	0.0	0.0	0.0	0.0
Ctrl_188	0.481629106943	1.70539193168	0.916612460874	1.42798061959	0.0	0.203219111524	0.468064662099	0.0	1.28776752641	1.49216249113	1.33406733599	1.87002826842	0.355137053642	0.37150940254	0.695068265502	1.96520932346
Ctrl_189	0.481629106943	1.70539193168	0.916612460874	1.42798061959	0.0	0.203219111524	0.468064662099	0.0	1.28776752641	1.49216249113	1.33406733599	1.87002826842	0.355137053642	0.37150940254	0.695068265502	1.96520932346
Ctrl_19	0.0	0.0	0.0	0.0	0.0	0.0	0.0	0.0	0.0	0.0	0.0	0.0	0.0	0.0	0.0	0.0
Ctrl_190	0.0774434429204	0.234262276515	0.297206356333	0.15549918871	0.0	0.0	0.13083874515	0.0	0.378435632451	0.0210328359719	0.00725270205929	0.398898613261	0.0326371592668	0.0696259397692	0.0	0.607722441733
Ctrl_191	0.0	0.0	0.0	0.0	0.0	0.0	0.0	0.0	0.0	0.0	0.0	0.0	0.0	0.0	0.0	0.0
Ctrl_192	1.23651456582	4.97500432125	1.69032645886	4.17163329318	0.0750000651445	0.260000225834	0.949000824295	0.885000768705	2.65178801761	1.75500152438	0.925000803449	4.88500424308	0.430000373495	2.38000206725	4.66000404764	4.58670379753
Ctrl_193	0.128019603237	0.387252458853	0.491303567902	0.257051387331	0.0	0.0	0.216285893427	0.0	0.625581426785	0.0347687966153	0.0119892402122	0.659408211669	0.0539515809547	0.115096706037	0.0	1.00460907903
Ctrl_194	0.818475761509	3.60658045012	1.49509881786	3.39063523777	0.84708402367	0.991347241674	1.03277667864	0.0	2.24321377447	1.10971706158	0.355109459704	3.22557759231	1.646080308	0.218244355443	3.48451157335	3.61041846749
Ctrl_195	0.0	0.0	0.0	0.0	0.0	0.0	0.0	0.0	0.0	0.0	0.0	0.0	0.0	0.0	0.0	0.0
Ctrl_196	0.0774434429204	0.234262276515	0.297206356333	0.15549918871	0.0	0.0	0.13083874515	0.0	0.378435632451	0.0210328359719	0.00725270205929	0.398898613261	0.0326371592668	0.0696259397692	0.0	0.607722441733
Ctrl_197	0.0774434429204	0.234262276515	0.297206356333	0.15549918871	0.0	0.0	0.13083874515	0.0	0.378435632451	0.0210328359719	0.00725270205929	0.398898613261	0.0326371592668	0.0696259397692	0.0	0.607722441733
Ctrl_198	0.481629106943	1.70539193168	0.916612460874	1.42798061959	0.0	0.203219111524	0.468064662099	0.0	1.28776752641	1.49216249113	1.33406733599	1.87002826842	0.355137053642	0.37150940254	0.695068265502	1.96520932346
Ctrl_199	0.0774434429204	0.234262276515	0.297206356333	0.15549918871	0.0	0.0	0.13083874515	0.0	0.378435632451	0.0210328359719	0.00725270205929	0.398898613261	0.0326371592668	0.0696259397692	0.0	0.607722441733
Ctrl_2	0.0774434429204	0.234262276515	0.297206356333	0.15549918871	0.0	0.0	0.13083874515	0.0	0.378435632451	0.0210328359719	0.00725270205929	0.398898613261	0.0326371592668	0.0696259397692	0.0	0.607722441733
Ctrl_20	0.0	0.0	0.0	0.0	0.0	0.0	0.0	0.0	0.0	0.0	0.0	0.0	0.0	0.0	0.0	0.0
Ctrl_200	1.96551041128	2.85384296427	2.40480482653	2.20431823815	1.70351119543	1.70567684435	2.03575528996	1.70351119543	2.64037487032	2.67201543304	2.00204367697	3.15599800731	1.8682529387	1.78179973087	1.70892531773	3.2185599258
Ctrl_201	0.0	0.0	0.0	0.0	0.0	0.0	0.0	0.0	0.0	0.0	0.0	0.0	0.0	0.0	0.0	0.0
Ctrl_202	0.0774434429204	0.234262276515	0.297206356333	0.15549918871	0.0	0.0	0.13083874515	0.0	0.378435632451	0.0210328359719	0.00725270205929	0.398898613261	0.0326371592668	0.0696259397692	0.0	0.607722441733
Ctrl_203	0.0774434429204	0.234262276515	0.297206356333	0.15549918871	0.0	0.0	0.13083874515	0.0	0.378435632451	0.0210328359719	0.00725270205929	0.398898613261	0.0326371592668	0.0696259397692	0.0	0.607722441733
Ctrl_204	0.53220526726	1.85838211401	1.11070967244	1.52953281821	0.0	0.203219111524	0.553511810376	0.0	1.53491332074	1.50589845178	1.33880387415	2.13053786683	0.37645147533	0.416980168808	0.695068265502	2.36209596076
Ctrl_205	0.0	0.0	0.0	0.0	0.0	0.0	0.0	0.0	0.0	0.0	0.0	0.0	0.0	0.0	0.0	0.0
Ctrl_206	0.0774434429204	0.234262276515	0.297206356333	0.15549918871	0.0	0.0	0.13083874515	0.0	0.378435632451	0.0210328359719	0.00725270205929	0.398898613261	0.0326371592668	0.0696259397692	0.0	0.607722441733
Ctrl_207	0.184555772922	0.916069492325	0.404087274768	0.345307854011	0.0	0.00216564891803	0.201405349376	0.0	0.558428042434	0.947471401637	0.291279779475	1.05358819862	0.132104584	0.00866259567211	0.00541412229507	0.907326288631
Ctrl_209	0.679412882373	2.43097473747	1.0180863366	2.34118368964	0.995263931557	1.11693433884	0.818598500185	2.43340814561	1.48350989449	2.43340814561	2.43097473747	2.42610792118	1.81775588477	1.76665431372	0.457480731376	2.38904520449
Ctrl_21	0.0	0.0	0.0	0.0	0.0	0.0	0.0	0.0	0.0	0.0	0.0	0.0	0.0	0.0	0.0	0.0
Ctrl_211	0.0774434429204	0.234262276515	0.297206356333	0.15549918871	0.0	0.0	0.13083874515	0.0	0.378435632451	0.0210328359719	0.00725270205929	0.398898613261	0.0326371592668	0.0696259397692	0.0	0.607722441733
Ctrl_212	0.481629106943	1.70539193168	0.916612460874	1.42798061959	0.0	0.203219111524	0.468064662099	0.0	1.28776752641	1.49216249113	1.33406733599	1.87002826842	0.355137053642	0.37150940254	0.695068265502	1.96520932346
Ctrl_213	0.184555772922	0.916069492325	0.404087274768	0.345307854011	0.0	0.00216564891803	0.201405349376	0.0	0.558428042434	0.947471401637	0.291279779475	1.05358819862	0.132104584	0.00866259567211	0.00541412229507	0.907326288631
Ctrl_214	0.184555772922	0.916069492325	0.404087274768	0.345307854011	0.0	0.00216564891803	0.201405349376	0.0	0.558428042434	0.947471401637	0.291279779475	1.05358819862	0.132104584	0.00866259567211	0.00541412229507	0.907326288631
Ctrl_215	0.261999215842	1.15033176884	0.701293631101	0.500807042721	0.0	0.00216564891803	0.332244094526	0.0	0.936863674885	0.968504237608	0.298532481534	1.45248681188	0.164741743266	0.0782885354413	0.00541412229507	1.51504873036
Ctrl_22	0.0	0.0	0.0	0.0	0.0	0.0	0.0	0.0	0.0	0.0	0.0	0.0	0.0	0.0	0.0	0.0
Ctrl_23	0.0	0.0	0.0	0.0	0.0	0.0	0.0	0.0	0.0	0.0	0.0	0.0	0.0	0.0	0.0	0.0
Ctrl_24	0.0774434429204	0.234262276515	0.297206356333	0.15549918871	0.0	0.0	0.13083874515	0.0	0.378435632451	0.0210328359719	0.00725270205929	0.398898613261	0.0326371592668	0.0696259397692	0.0	0.607722441733
Ctrl_25	0.681031921826	2.08935334922	0.995729575189	1.98630717233	0.0	0.256258826861	0.615130788956	1.85694802073	1.69288955284	1.8779808567	1.8382034505	2.25584663399	1.77816829875	1.80958623519	1.85694802073	2.44530721744
Ctrl_26	0.666184879865	2.621461424	1.32069973564	1.7732884736	0.0	0.205384760442	0.669470011475	0.0	1.84619556884	2.43963389277	1.62534711547	2.92361646704	0.487241637641	0.380171998212	0.700482387797	2.87253561209
Ctrl_27	0.261999215842	1.15033176884	0.701293631101	0.500807042721	0.0	0.00216564891803	0.332244094526	0.0	0.936863674885	0.968504237608	0.298532481534	1.45248681188	0.164741743266	0.0782885354413	0.00541412229507	1.51504873036
Ctrl_28	0.681031921826	2.08935334922	0.995729575189	1.98630717233	0.0	0.256258826861	0.615130788956	1.85694802073	1.69288955284	1.8779808567	1.8382034505	2.25584663399	1.77816829875	1.80958623519	1.85694802073	2.44530721744
Ctrl_29	0.184555772922	0.916069492325	0.404087274768	0.345307854011	0.0	0.00216564891803	0.201405349376	0.0	0.558428042434	0.947471401637	0.291279779475	1.05358819862	0.132104584	0.00866259567211	0.00541412229507	0.907326288631
Ctrl_3	0.0	0.0	0.0	0.0	0.0	0.0	0.0	0.0	0.0	0.0	0.0	0.0	0.0	0.0	0.0	0.0
Ctrl_30	0.184555772922	0.916069492325	0.404087274768	0.345307854011	0.0	0.00216564891803	0.201405349376	0.0	0.558428042434	0.947471401637	0.291279779475	1.05358819862	0.132104584	0.00866259567211	0.00541412229507	0.907326288631
Ctrl_31	0.0	0.0	0.0	0.0	0.0	0.0	0.0	0.0	0.0	0.0	0.0	0.0	0.0	0.0	0.0	0.0
Ctrl_32	0.0	0.0	0.0	0.0	0.0	0.0	0.0	0.0	0.0	0.0	0.0	0.0	0.0	0.0	0.0	0.0
Ctrl_33	0.0	0.0	0.0	0.0	0.0	0.0	0.0	0.0	0.0	0.0	0.0	0.0	0.0	0.0	0.0	0.0
Ctrl_34	0.481629106943	1.70539193168	0.916612460874	1.42798061959	0.0	0.203219111524	0.468064662099	0.0	1.28776752641	1.49216249113	1.33406733599	1.87002826842	0.355137053642	0.37150940254	0.695068265502	1.96520932346
Ctrl_35	0.0	0.0	0.0	0.0	0.0	0.0	0.0	0.0	0.0	0.0	0.0	0.0	0.0	0.0	0.0	0.0
Ctrl_36	0.0	0.0	0.0	0.0	0.0	0.0	0.0	0.0	0.0	0.0	0.0	0.0	0.0	0.0	0.0	0.0
Ctrl_37	0.0774434429204	0.234262276515	0.297206356333	0.15549918871	0.0	0.0	0.13083874515	0.0	0.378435632451	0.0210328359719	0.00725270205929	0.398898613261	0.0326371592668	0.0696259397692	0.0	0.607722441733
Ctrl_38	0.0	0.0	0.0	0.0	0.0	0.0	0.0	0.0	0.0	0.0	0.0	0.0	0.0	0.0	0.0	0.0
Ctrl_39	0.0774434429204	0.234262276515	0.297206356333	0.15549918871	0.0	0.0	0.13083874515	0.0	0.378435632451	0.0210328359719	0.00725270205929	0.398898613261	0.0326371592668	0.0696259397692	0.0	0.607722441733
Ctrl_4	0.128019603237	0.387252458853	0.491303567902	0.257051387331	0.0	0.0	0.216285893427	0.0	0.625581426785	0.0347687966153	0.0119892402122	0.659408211669	0.0539515809547	0.115096706037	0.0	1.00460907903
Ctrl_40	2.71225009524	5.77502429872	3.33202948339	5.04878440003	1.72570553666	1.81448290159	2.58118845756	2.65046975464	4.32658333305	1.86774698257	1.81907402806	5.68837153496	2.2568354541	3.59045614312	3.53824340391	6.3175169736
Ctrl_41	0.0	0.0	0.0	0.0	0.0	0.0	0.0	0.0	0.0	0.0	0.0	0.0	0.0	0.0	0.0	0.0
Ctrl_42	0.0774434429204	0.234262276515	0.297206356333	0.15549918871	0.0	0.0	0.13083874515	0.0	0.378435632451	0.0210328359719	0.00725270205929	0.398898613261	0.0326371592668	0.0696259397692	0.0	0.607722441733
Ctrl_43	0.0774434429204	0.234262276515	0.297206356333	0.15549918871	0.0	0.0	0.13083874515	0.0	0.378435632451	0.0210328359719	0.00725270205929	0.398898613261	0.0326371592668	0.0696259397692	0.0	0.607722441733
Ctrl_44	0.681031921826	2.08935334922	0.995729575189	1.98630717233	0.0	0.256258826861	0.615130788956	1.85694802073	1.69288955284	1.8779808567	1.8382034505	2.25584663399	1.77816829875	1.80958623519	1.85694802073	2.44530721744
Ctrl_45	2.54177351165	4.76677864324	3.19544744269	4.57979419665	1.86959020376	2.41604371502	2.67465296863	4.38220487807	3.96022573968	4.40893759364	4.33258416358	4.96393097295	2.33873930552	4.40086861153	4.37952618439	5.3825594198
Ctrl_46	0.128019603237	0.387252458853	0.491303567902	0.257051387331	0.0	0.0	0.216285893427	0.0	0.625581426785	0.0347687966153	0.0119892402122	0.659408211669	0.0539515809547	0.115096706037	0.0	1.00460907903
Ctrl_47	0.0	0.0	0.0	0.0	0.0	0.0	0.0	0.0	0.0	0.0	0.0	0.0	0.0	0.0	0.0	0.0
Ctrl_48	1.15795924529	3.53220822653	1.7634681858	3.35844178611	1.5416824411	1.70674480096	1.39653692056	3.30124719721	2.57140698488	3.32228003318	3.09391883145	3.70014581047	1.56771710597	2.9945309565	0.894637990444	3.63722827722
Ctrl_49	0.261999215842	1.15033176884	0.701293631101	0.500807042721	0.0	0.00216564891803	0.332244094526	0.0	0.936863674885	0.968504237608	0.298532481534	1.45248681188	0.164741743266	0.0782885354413	0.00541412229507	1.51504873036
Ctrl_5	0.915384420354	3.68056158756	1.40942772109	3.43870094699	0.133166047389	0.691723635049	0.910707801867	0.0	2.18904901313	1.63868219426	0.406896255911	3.57328893827	0.976551014187	0.588150042635	2.20093883879	3.66048511668
Ctrl_50	0.0	0.0	0.0	0.0	0.0	0.0	0.0	0.0	0.0	0.0	0.0	0.0	0.0	0.0	0.0	0.0
Ctrl_51	0.0	0.0	0.0	0.0	0.0	0.0	0.0	0.0	0.0	0.0	0.0	0.0	0.0	0.0	0.0	0.0
Ctrl_52	0.0774434429204	0.234262276515	0.297206356333	0.15549918871	0.0	0.0	0.13083874515	0.0	0.378435632451	0.0210328359719	0.00725270205929	0.398898613261	0.0326371592668	0.0696259397692	0.0	0.607722441733
Ctrl_53	0.0	0.0	0.0	0.0	0.0	0.0	0.0	0.0	0.0	0.0	0.0	0.0	0.0	0.0	0.0	0.0
Ctrl_54	0.0	0.0	0.0	0.0	0.0	0.0	0.0	0.0	0.0	0.0	0.0	0.0	0.0	0.0	0.0	0.0
Ctrl_55	0.0	0.0	0.0	0.0	0.0	0.0	0.0	0.0	0.0	0.0	0.0	0.0	0.0	0.0	0.0	0.0
Ctrl_56	0.0774434429204	0.234262276515	0.297206356333	0.15549918871	0.0	0.0	0.13083874515	0.0	0.378435632451	0.0210328359719	0.00725270205929	0.398898613261	0.0326371592668	0.0696259397692	0.0	0.607722441733
Ctrl_57	0.0774434429204	0.234262276515	0.297206356333	0.15549918871	0.0	0.0	0.13083874515	0.0	0.378435632451	0.0210328359719	0.00725270205929	0.398898613261	0.0326371592668	0.0696259397692	0.0	0.607722441733
Ctrl_58	1.78095463835	1.93777347195	2.00071755177	1.85901038414	1.70351119543	1.70351119543	1.83434994058	1.70351119543	2.08194682788	1.72454403141	1.71076389749	2.10240980869	1.7361483547	1.7731371352	1.70351119543	2.31123363717
Ctrl_59	0.0	0.0	0.0	0.0	0.0	0.0	0.0	0.0	0.0	0.0	0.0	0.0	0.0	0.0	0.0	0.0
Ctrl_6	0.0	0.0	0.0	0.0	0.0	0.0	0.0	0.0	0.0	0.0	0.0	0.0	0.0	0.0	0.0	0.0
Ctrl_60	0.0	0.0	0.0	0.0	0.0	0.0	0.0	0.0	0.0	0.0	0.0	0.0	0.0	0.0	0.0	0.0
Ctrl_61	0.355003151029	1.76210990959	0.777284034861	0.664218595324	0.0	0.00416574446711	0.387414235441	0.0	1.07416696616	1.82251320436	0.560292630827	2.02663468325	0.254110412494	0.0166629778684	0.0104143611678	1.74529187777
Ctrl_62	0.481629106943	1.70539193168	0.916612460874	1.42798061959	0.0	0.203219111524	0.468064662099	0.0	1.28776752641	1.49216249113	1.33406733599	1.87002826842	0.355137053642	0.37150940254	0.695068265502	1.96520932346
Ctrl_63	0.865587694748	3.00542284155	1.39981684996	2.33161502634	0.0	0.258424475779	0.816536138333	1.85694802073	2.25131759527	2.82545225834	2.12948322997	3.30943483261	1.91027288275	1.81824883087	1.86236214303	3.35263350608
Ctrl_64	0.0	0.0	0.0	0.0	0.0	0.0	0.0	0.0	0.0	0.0	0.0	0.0	0.0	0.0	0.0	0.0
Ctrl_65	0.481629106943	1.70539193168	0.916612460874	1.42798061959	0.0	0.203219111524	0.468064662099	0.0	1.28776752641	1.49216249113	1.33406733599	1.87002826842	0.355137053642	0.37150940254	0.695068265502	1.96520932346
Ctrl_66	0.0774434429204	0.234262276515	0.297206356333	0.15549918871	0.0	0.0	0.13083874515	0.0	0.378435632451	0.0210328359719	0.00725270205929	0.398898613261	0.0326371592668	0.0696259397692	0.0	0.607722441733
Ctrl_67	0.0	0.0	0.0	0.0	0.0	0.0	0.0	0.0	0.0	0.0	0.0	0.0	0.0	0.0	0.0	0.0
Ctrl_68	0.0	0.0	0.0	0.0	0.0	0.0	0.0	0.0	0.0	0.0	0.0	0.0	0.0	0.0	0.0	0.0
Ctrl_69	0.522717465033	2.84072188964	0.96499120971	2.29901862911	0.020713597112	0.159790606292	0.579388902075	0.0	1.55457659958	0.00887725590514	0.020713597112	1.61566057474	0.109486156163	1.66892411017	0.198258715215	2.73389974806
Ctrl_7	0.184555772922	0.916069492325	0.404087274768	0.345307854011	0.0	0.00216564891803	0.201405349376	0.0	0.558428042434	0.947471401637	0.291279779475	1.05358819862	0.132104584	0.00866259567211	0.00541412229507	0.907326288631
Ctrl_70	0.0	0.0	0.0	0.0	0.0	0.0	0.0	0.0	0.0	0.0	0.0	0.0	0.0	0.0	0.0	0.0
Ctrl_71	0.0	0.0	0.0	0.0	0.0	0.0	0.0	0.0	0.0	0.0	0.0	0.0	0.0	0.0	0.0	0.0
Ctrl_72	0.0	0.0	0.0	0.0	0.0	0.0	0.0	0.0	0.0	0.0	0.0	0.0	0.0	0.0	0.0	0.0
Ctrl_73	0.0	0.0	0.0	0.0	0.0	0.0	0.0	0.0	0.0	0.0	0.0	0.0	0.0	0.0	0.0	0.0
Ctrl_74	0.481629106943	1.70539193168	0.916612460874	1.42798061959	0.0	0.203219111524	0.468064662099	0.0	1.28776752641	1.49216249113	1.33406733599	1.87002826842	0.355137053642	0.37150940254	0.695068265502	1.96520932346
Ctrl_75	0.527682029531	2.44761269371	1.32833216219	2.38559066439	0.0	0.326834894825	0.711471930187	2.23909824763	1.87149922908	2.34019051166	1.04361679068	3.16505784614	0.541859563317	2.04400290277	0.012131417038	2.98546180746
Ctrl_76	0.716744194023	2.300903708	0.960171429603	1.99145719714	0.520524762772	0.734723005859	0.631078694688	0.0921282765967	1.42387541776	2.30320691492	2.07058301651	2.30320691492	0.400758003196	1.70206991012	1.22300287182	2.26121764446
Ctrl_77	0.0	0.0	0.0	0.0	0.0	0.0	0.0	0.0	0.0	0.0	0.0	0.0	0.0	0.0	0.0	0.0
Ctrl_78	0.0	0.0	0.0	0.0	0.0	0.0	0.0	0.0	0.0	0.0	0.0	0.0	0.0	0.0	0.0	0.0
Ctrl_79	0.0774434429204	0.234262276515	0.297206356333	0.15549918871	0.0	0.0	0.13083874515	0.0	0.378435632451	0.0210328359719	0.00725270205929	0.398898613261	0.0326371592668	0.0696259397692	0.0	0.607722441733
Ctrl_8	0.0774434429204	0.234262276515	0.297206356333	0.15549918871	0.0	0.0	0.13083874515	0.0	0.378435632451	0.0210328359719	0.00725270205929	0.398898613261	0.0326371592668	0.0696259397692	0.0	0.607722441733
Ctrl_80	0.0	0.0	0.0	0.0	0.0	0.0	0.0	0.0	0.0	0.0	0.0	0.0	0.0	0.0	0.0	0.0
Ctrl_81	0.261999215842	1.15033176884	0.701293631101	0.500807042721	0.0	0.00216564891803	0.332244094526	0.0	0.936863674885	0.968504237608	0.298532481534	1.45248681188	0.164741743266	0.0782885354413	0.00541412229507	1.51504873036
Ctrl_82	0.0774434429204	0.234262276515	0.297206356333	0.15549918871	0.0	0.0	0.13083874515	0.0	0.378435632451	0.0210328359719	0.00725270205929	0.398898613261	0.0326371592668	0.0696259397692	0.0	0.607722441733
Ctrl_83	0.0774434429204	0.234262276515	0.297206356333	0.15549918871	0.0	0.0	0.13083874515	0.0	0.378435632451	0.0210328359719	0.00725270205929	0.398898613261	0.0326371592668	0.0696259397692	0.0	0.607722441733
Ctrl_84	0.0	0.0	0.0	0.0	0.0	0.0	0.0	0.0	0.0	0.0	0.0	0.0	0.0	0.0	0.0	0.0
Ctrl_85	1.78095463835	1.93777347195	2.00071755177	1.85901038414	1.70351119543	1.70351119543	1.83434994058	1.70351119543	2.08194682788	1.72454403141	1.71076389749	2.10240980869	1.7361483547	1.7731371352	1.70351119543	2.31123363717
Ctrl_86	0.184555772922	0.916069492325	0.404087274768	0.345307854011	0.0	0.00216564891803	0.201405349376	0.0	0.558428042434	0.947471401637	0.291279779475	1.05358819862	0.132104584	0.00866259567211	0.00541412229507	0.907326288631
Ctrl_87	0.261999215842	1.15033176884	0.701293631101	0.500807042721	0.0	0.00216564891803	0.332244094526	0.0	0.936863674885	0.968504237608	0.298532481534	1.45248681188	0.164741743266	0.0782885354413	0.00541412229507	1.51504873036
Ctrl_88	1.45137194709	5.92104131757	2.63807441865	5.29732856658	1.34113264905	1.49166992798	1.69454349659	2.82578884721	3.52596277925	5.32481502823	2.03160184912	5.90972166684	2.50296246423	4.53239673413	2.08302266181	6.22647451688
Ctrl_89	0.0774434429204	0.234262276515	0.297206356333	0.15549918871	0.0	0.0	0.13083874515	0.0	0.378435632451	0.0210328359719	0.00725270205929	0.398898613261	0.0326371592668	0.0696259397692	0.0	0.607722441733
Ctrl_9	0.481629106943	1.70539193168	0.916612460874	1.42798061959	0.0	0.203219111524	0.468064662099	0.0	1.28776752641	1.49216249113	1.33406733599	1.87002826842	0.355137053642	0.37150940254	0.695068265502	1.96520932346
Ctrl_90	0.681031921826	2.08935334922	0.995729575189	1.98630717233	0.0	0.256258826861	0.615130788956	1.85694802073	1.69288955284	1.8779808567	1.8382034505	2.25584663399	1.77816829875	1.80958623519	1.85694802073	2.44530721744
Ctrl_91	0.0	0.0	0.0	0.0	0.0	0.0	0.0	0.0	0.0	0.0	0.0	0.0	0.0	0.0	0.0	0.0
Ctrl_92	0.0774434429204	0.234262276515	0.297206356333	0.15549918871	0.0	0.0	0.13083874515	0.0	0.378435632451	0.0210328359719	0.00725270205929	0.398898613261	0.0326371592668	0.0696259397692	0.0	0.607722441733
Ctrl_93	0.0	0.0	0.0	0.0	0.0	0.0	0.0	0.0	0.0	0.0	0.0	0.0	0.0	0.0	0.0	0.0
Ctrl_94	0.0	0.0	0.0	0.0	0.0	0.0	0.0	0.0	0.0	0.0	0.0	0.0	0.0	0.0	0.0	0.0
Ctrl_95	0.0	0.0	0.0	0.0	0.0	0.0	0.0	0.0	0.0	0.0	0.0	0.0	0.0	0.0	0.0	0.0
Ctrl_96	0.0	0.0	0.0	0.0	0.0	0.0	0.0	0.0	0.0	0.0	0.0	0.0	0.0	0.0	0.0	0.0
Ctrl_97	0.0	0.0	0.0	0.0	0.0	0.0	0.0	0.0	0.0	0.0	0.0	0.0	0.0	0.0	0.0	0.0
Ctrl_98	0.184555772922	0.916069492325	0.404087274768	0.345307854011	0.0	0.00216564891803	0.201405349376	0.0	0.558428042434	0.947471401637	0.291279779475	1.05358819862	0.132104584	0.00866259567211	0.00541412229507	0.907326288631
Ctrl_99	0.184555772922	0.916069492325	0.404087274768	0.345307854011	0.0	0.00216564891803	0.201405349376	0.0	0.558428042434	0.947471401637	0.291279779475	1.05358819862	0.132104584	0.00866259567211	0.00541412229507	0.907326288631
PR0001	3.51731686434	3.77654971996	3.88060082901	3.64634864844	3.38929726111	3.38929726111	3.60558315453	3.38929726111	4.01487868789	3.42406605772	3.40128650132	4.04870547278	3.44324884206	3.50439396714	3.38929726111	4.39390634014
PR0002	0.0774434429204	0.234262276515	0.297206356333	0.15549918871	0.0	0.0	0.13083874515	0.0	0.378435632451	0.0210328359719	0.00725270205929	0.398898613261	0.0326371592668	0.0696259397692	0.0	0.607722441733
PR0003	0.0	0.0	0.0	0.0	0.0	0.0	0.0	0.0	0.0	0.0	0.0	0.0	0.0	0.0	0.0	0.0
PR0004	0.0	0.0	0.0	0.0	0.0	0.0	0.0	0.0	0.0	0.0	0.0	0.0	0.0	0.0	0.0	0.0
PR0005	1.55564945103	6.97761662843	2.9551546436	6.13491714788	0.0250000217148	0.521835064201	1.71847280486	2.23909824763	4.48578721412	2.35519052469	1.06861681239	5.07505950515	1.02185998024	3.06900379308	4.83213560366	7.57769009014
PR0007	0.869162051673	3.49259326016	1.66111349123	3.20830385186	0.323522225327	0.630538214667	0.86371562293	0.257497281382	2.1728992875	0.351157555693	0.0600726572146	2.55791428024	0.682982857117	1.54528343692	3.26823472524	3.59072220525
PR0008	0.0	0.0	0.0	0.0	0.0	0.0	0.0	0.0	0.0	0.0	0.0	0.0	0.0	0.0	0.0	0.0
PR0009	0.0	0.0	0.0	0.0	0.0	0.0	0.0	0.0	0.0	0.0	0.0	0.0	0.0	0.0	0.0	0.0
PR0010	0.0774434429204	0.234262276515	0.297206356333	0.15549918871	0.0	0.0	0.13083874515	0.0	0.378435632451	0.0210328359719	0.00725270205929	0.398898613261	0.0326371592668	0.0696259397692	0.0	0.607722441733
PR0011	0.0	0.0	0.0	0.0	0.0	0.0	0.0	0.0	0.0	0.0	0.0	0.0	0.0	0.0	0.0	0.0
PR0012	0.0	0.0	0.0	0.0	0.0	0.0	0.0	0.0	0.0	0.0	0.0	0.0	0.0	0.0	0.0	0.0
PR0014	0.0774434429204	0.234262276515	0.297206356333	0.15549918871	0.0	0.0	0.13083874515	0.0	0.378435632451	0.0210328359719	0.00725270205929	0.398898613261	0.0326371592668	0.0696259397692	0.0	0.607722441733
PR0015	0.481629106943	1.70539193168	0.916612460874	1.42798061959	0.0	0.203219111524	0.468064662099	0.0	1.28776752641	1.49216249113	1.33406733599	1.87002826842	0.355137053642	0.37150940254	0.695068265502	1.96520932346
PR0018	0.0774434429204	0.234262276515	0.297206356333	0.15549918871	0.0	0.0	0.13083874515	0.0	0.378435632451	0.0210328359719	0.00725270205929	0.398898613261	0.0326371592668	0.0696259397692	0.0	0.607722441733
PR0020	1.11457710726	3.29464470282	1.25168692759	3.25477593185	0.122146146297	1.16864150781	1.04319411432	3.29794595001	2.23187890868	3.30124719721	3.30124719721	3.29794595001	2.99423120787	2.99423120787	3.27813846683	3.24106286877
PR0021	0.0	0.0	0.0	0.0	0.0	0.0	0.0	0.0	0.0	0.0	0.0	0.0	0.0	0.0	0.0	0.0
PR0022	0.0	0.0	0.0	0.0	0.0	0.0	0.0	0.0	0.0	0.0	0.0	0.0	0.0	0.0	0.0	0.0
PR0023	0.0	0.0	0.0	0.0	0.0	0.0	0.0	0.0	0.0	0.0	0.0	0.0	0.0	0.0	0.0	0.0
PR0025	2.23571646269	3.56189330945	2.81422086788	3.23304401365	1.70351119543	1.90673030696	2.25702300581	1.70351119543	3.23842451617	3.20940964721	3.04231506958	3.83404906226	2.07996267076	2.12049136424	2.39857946093	4.06560715619
PR0026	0.261999215842	1.15033176884	0.701293631101	0.500807042721	0.0	0.00216564891803	0.332244094526	0.0	0.936863674885	0.968504237608	0.298532481534	1.45248681188	0.164741743266	0.0782885354413	0.00541412229507	1.51504873036
PR0027	0.0774434429204	0.234262276515	0.297206356333	0.15549918871	0.0	0.0	0.13083874515	0.0	0.378435632451	0.0210328359719	0.00725270205929	0.398898613261	0.0326371592668	0.0696259397692	0.0	0.607722441733
PR0028	0.0	0.0	0.0	0.0	0.0	0.0	0.0	0.0	0.0	0.0	0.0	0.0	0.0	0.0	0.0	0.0
PR0029	0.0	0.0	0.0	0.0	0.0	0.0	0.0	0.0	0.0	0.0	0.0	0.0	0.0	0.0	0.0	0.0
PR0030	0.184555772922	0.916069492325	0.404087274768	0.345307854011	0.0	0.00216564891803	0.201405349376	0.0	0.558428042434	0.947471401637	0.291279779475	1.05358819862	0.132104584	0.00866259567211	0.00541412229507	0.907326288631
PR0031	0.0774434429204	0.234262276515	0.297206356333	0.15549918871	0.0	0.0	0.13083874515	0.0	0.378435632451	0.0210328359719	0.00725270205929	0.398898613261	0.0326371592668	0.0696259397692	0.0	0.607722441733
PR0032	0.184555772922	0.916069492325	0.404087274768	0.345307854011	0.0	0.00216564891803	0.201405349376	0.0	0.558428042434	0.947471401637	0.291279779475	1.05358819862	0.132104584	0.00866259567211	0.00541412229507	0.907326288631
PR0034	0.0774434429204	0.234262276515	0.297206356333	0.15549918871	0.0	0.0	0.13083874515	0.0	0.378435632451	0.0210328359719	0.00725270205929	0.398898613261	0.0326371592668	0.0696259397692	0.0	0.607722441733
PR0035	0.0774434429204	0.234262276515	0.297206356333	0.15549918871	0.0	0.0	0.13083874515	0.0	0.378435632451	0.0210328359719	0.00725270205929	0.398898613261	0.0326371592668	0.0696259397692	0.0	0.607722441733
PR0036	0.666184879865	2.621461424	1.32069973564	1.7732884736	0.0	0.205384760442	0.669470011475	0.0	1.84619556884	2.43963389277	1.62534711547	2.92361646704	0.487241637641	0.380171998212	0.700482387797	2.87253561209
PR0039	0.0	0.0	0.0	0.0	0.0	0.0	0.0	0.0	0.0	0.0	0.0	0.0	0.0	0.0	0.0	0.0
PR0040	0.681031921826	2.08935334922	0.995729575189	1.98630717233	0.0	0.256258826861	0.615130788956	1.85694802073	1.69288955284	1.8779808567	1.8382034505	2.25584663399	1.77816829875	1.80958623519	1.85694802073	2.44530721744
PR0041	0.869162051673	3.49259326016	1.66111349123	3.20830385186	0.323522225327	0.630538214667	0.86371562293	0.257497281382	2.1728992875	0.351157555693	0.0600726572146	2.55791428024	0.682982857117	1.54528343692	3.26823472524	3.59072220525
PR0042	0.481629106943	1.70539193168	0.916612460874	1.42798061959	0.0	0.203219111524	0.468064662099	0.0	1.28776752641	1.49216249113	1.33406733599	1.87002826842	0.355137053642	0.37150940254	0.695068265502	1.96520932346
PR0043	0.184555772922	0.916069492325	0.404087274768	0.345307854011	0.0	0.00216564891803	0.201405349376	0.0	0.558428042434	0.947471401637	0.291279779475	1.05358819862	0.132104584	0.00866259567211	0.00541412229507	0.907326288631
PR0044	0.184555772922	0.916069492325	0.404087274768	0.345307854011	0.0	0.00216564891803	0.201405349376	0.0	0.558428042434	0.947471401637	0.291279779475	1.05358819862	0.132104584	0.00866259567211	0.00541412229507	0.907326288631
PR0045	0.0	0.0	0.0	0.0	0.0	0.0	0.0	0.0	0.0	0.0	0.0	0.0	0.0	0.0	0.0	0.0
PR0046	0.0	0.0	0.0	0.0	0.0	0.0	0.0	0.0	0.0	0.0	0.0	0.0	0.0	0.0	0.0	0.0
PR0047	0.0	0.0	0.0	0.0	0.0	0.0	0.0	0.0	0.0	0.0	0.0	0.0	0.0	0.0	0.0	0.0
PR0048	0.0	0.0	0.0	0.0	0.0	0.0	0.0	0.0	0.0	0.0	0.0	0.0	0.0	0.0	0.0	0.0
PR0049	0.0	0.0	0.0	0.0	0.0	0.0	0.0	0.0	0.0	0.0	0.0	0.0	0.0	0.0	0.0	0.0
PR0050	0.0	0.0	0.0	0.0	0.0	0.0	0.0	0.0	0.0	0.0	0.0	0.0	0.0	0.0	0.0	0.0
PR0051	0.0	0.0	0.0	0.0	0.0	0.0	0.0	0.0	0.0	0.0	0.0	0.0	0.0	0.0	0.0	0.0
PR0052	1.10010924743	3.98804330132	1.60629312252	3.66869170177	1.49601624343	1.37601494048	1.29361404579	4.00004343162	2.84003083645	4.00004343162	4.00004343162	4.00004343162	2.88803135763	3.86004191151	0.624006775333	3.90419265676
PR0053	0.0774434429204	0.234262276515	0.297206356333	0.15549918871	0.0	0.0	0.13083874515	0.0	0.378435632451	0.0210328359719	0.00725270205929	0.398898613261	0.0326371592668	0.0696259397692	0.0	0.607722441733
PR0054	0.0	0.0	0.0	0.0	0.0	0.0	0.0	0.0	0.0	0.0	0.0	0.0	0.0	0.0	0.0	0.0
PR0055	0.184555772922	0.916069492325	0.404087274768	0.345307854011	0.0	0.00216564891803	0.201405349376	0.0	0.558428042434	0.947471401637	0.291279779475	1.05358819862	0.132104584	0.00866259567211	0.00541412229507	0.907326288631
PR0056	0.128019603237	0.387252458853	0.491303567902	0.257051387331	0.0	0.0	0.216285893427	0.0	0.625581426785	0.0347687966153	0.0119892402122	0.659408211669	0.0539515809547	0.115096706037	0.0	1.00460907903
PR0057	0.737940541016	2.95510977458	1.56909879166	2.772486779	0.0	0.101318049414	0.789436468351	0.0	2.13039291402	0.717669516683	0.105539634806	1.78573062092	0.928748786295	0.257516708927	1.72662842543	3.80995093511
PR0058	0.184555772922	0.916069492325	0.404087274768	0.345307854011	0.0	0.00216564891803	0.201405349376	0.0	0.558428042434	0.947471401637	0.291279779475	1.05358819862	0.132104584	0.00866259567211	0.00541412229507	0.907326288631
PR0059	0.0774434429204	0.234262276515	0.297206356333	0.15549918871	0.0	0.0	0.13083874515	0.0	0.378435632451	0.0210328359719	0.00725270205929	0.398898613261	0.0326371592668	0.0696259397692	0.0	0.607722441733
PR0060	1.78095463835	1.93777347195	2.00071755177	1.85901038414	1.70351119543	1.70351119543	1.83434994058	1.70351119543	2.08194682788	1.72454403141	1.71076389749	2.10240980869	1.7361483547	1.7731371352	1.70351119543	2.31123363717
PR0061	1.78095463835	1.93777347195	2.00071755177	1.85901038414	1.70351119543	1.70351119543	1.83434994058	1.70351119543	2.08194682788	1.72454403141	1.71076389749	2.10240980869	1.7361483547	1.7731371352	1.70351119543	2.31123363717
PR0062	2.66167393492	5.62203411638	3.13793227182	4.94723220141	1.72570553666	1.81448290159	2.49574130928	2.65046975464	4.07943753872	1.85401102192	1.81433748991	5.42786193655	2.23552103241	3.54498537685	3.53824340391	5.92063033631
PR0063	1.3604448042	4.52032808669	2.01381591179	4.32749086197	0.995263931557	1.3731931657	1.43372928914	4.29035616635	3.17639944733	4.31138900232	4.26917818797	4.68195455517	3.59592418353	3.57624054891	2.31442875211	4.83435242193
PR0064	3.51731686434	3.77654971996	3.88060082901	3.64634864844	3.38929726111	3.38929726111	3.60558315453	3.38929726111	4.01487868789	3.42406605772	3.40128650132	4.04870547278	3.44324884206	3.50439396714	3.38929726111	4.39390634014
PR0065	0.0	0.0	0.0	0.0	0.0	0.0	0.0	0.0	0.0	0.0	0.0	0.0	0.0	0.0	0.0	0.0
PR0066	1.78095463835	1.93777347195	2.00071755177	1.85901038414	1.70351119543	1.70351119543	1.83434994058	1.70351119543	2.08194682788	1.72454403141	1.71076389749	2.10240980869	1.7361483547	1.7731371352	1.70351119543	2.31123363717
PR0067	0.0	0.0	0.0	0.0	0.0	0.0	0.0	0.0	0.0	0.0	0.0	0.0	0.0	0.0	0.0	0.0
PR0068	0.0774434429204	0.234262276515	0.297206356333	0.15549918871	0.0	0.0	0.13083874515	0.0	0.378435632451	0.0210328359719	0.00725270205929	0.398898613261	0.0326371592668	0.0696259397692	0.0	0.607722441733
PR0069	0.481629106943	1.70539193168	0.916612460874	1.42798061959	0.0	0.203219111524	0.468064662099	0.0	1.28776752641	1.49216249113	1.33406733599	1.87002826842	0.355137053642	0.37150940254	0.695068265502	1.96520932346
PR0070	0.891357335352	3.28210412658	1.17202669814	2.38672509027	0.0260524334102	0.17505907064	0.61824428394	0.0236840303729	1.78407661423	3.30876922982	2.44889494645	3.35330754783	0.579732758048	1.38707316338	2.35013312921	3.21897662556
PR0071	0.0	0.0	0.0	0.0	0.0	0.0	0.0	0.0	0.0	0.0	0.0	0.0	0.0	0.0	0.0	0.0
PR0072	0.261999215842	1.15033176884	0.701293631101	0.500807042721	0.0	0.00216564891803	0.332244094526	0.0	0.936863674885	0.968504237608	0.298532481534	1.45248681188	0.164741743266	0.0782885354413	0.00541412229507	1.51504873036
PR0074	3.15488314253	7.62455251301	4.34158561408	7.00083976201	3.04464384449	3.19518112341	3.39805469203	4.52930004264	5.22947397469	7.02832622367	3.73511304456	7.61323286227	4.20647365966	6.23590792956	3.78653385725	7.92998571232
PR0075	0.0774434429204	0.234262276515	0.297206356333	0.15549918871	0.0	0.0	0.13083874515	0.0	0.378435632451	0.0210328359719	0.00725270205929	0.398898613261	0.0326371592668	0.0696259397692	0.0	0.607722441733
PR0076	0.0	0.0	0.0	0.0	0.0	0.0	0.0	0.0	0.0	0.0	0.0	0.0	0.0	0.0	0.0	0.0
PR0077	0.0	0.0	0.0	0.0	0.0	0.0	0.0	0.0	0.0	0.0	0.0	0.0	0.0	0.0	0.0	0.0
PR0078	0.0	0.0	0.0	0.0	0.0	0.0	0.0	0.0	0.0	0.0	0.0	0.0	0.0	0.0	0.0	0.0
PR0079	0.0	0.0	0.0	0.0	0.0	0.0	0.0	0.0	0.0	0.0	0.0	0.0	0.0	0.0	0.0	0.0
PR0080	0.0	0.0	0.0	0.0	0.0	0.0	0.0	0.0	0.0	0.0	0.0	0.0	0.0	0.0	0.0	0.0
PR0081	0.0	0.0	0.0	0.0	0.0	0.0	0.0	0.0	0.0	0.0	0.0	0.0	0.0	0.0	0.0	0.0
PR0082	0.0	0.0	0.0	0.0	0.0	0.0	0.0	0.0	0.0	0.0	0.0	0.0	0.0	0.0	0.0	0.0
PR0083	0.0774434429204	0.234262276515	0.297206356333	0.15549918871	0.0	0.0	0.13083874515	0.0	0.378435632451	0.0210328359719	0.00725270205929	0.398898613261	0.0326371592668	0.0696259397692	0.0	0.607722441733
PR0084	0.184555772922	0.916069492325	0.404087274768	0.345307854011	0.0	0.00216564891803	0.201405349376	0.0	0.558428042434	0.947471401637	0.291279779475	1.05358819862	0.132104584	0.00866259567211	0.00541412229507	0.907326288631
PR0085	0.0774434429204	0.234262276515	0.297206356333	0.15549918871	0.0	0.0	0.13083874515	0.0	0.378435632451	0.0210328359719	0.00725270205929	0.398898613261	0.0326371592668	0.0696259397692	0.0	0.607722441733
PR0086	0.128019603237	0.387252458853	0.491303567902	0.257051387331	0.0	0.0	0.216285893427	0.0	0.625581426785	0.0347687966153	0.0119892402122	0.659408211669	0.0539515809547	0.115096706037	0.0	1.00460907903
PR0087	0.0774434429204	0.234262276515	0.297206356333	0.15549918871	0.0	0.0	0.13083874515	0.0	0.378435632451	0.0210328359719	0.00725270205929	0.398898613261	0.0326371592668	0.0696259397692	0.0	0.607722441733
PR0088	0.80834370921	4.15926568574	2.36855667996	2.52962144577	0.245000212805	0.72500062973	1.11483959985	0.0	3.08200940933	0.0310328446579	0.0272527194312	4.04390177928	0.842637862827	0.37462620469	0.0150000130289	5.12398905357
PR0089	0.0	0.0	0.0	0.0	0.0	0.0	0.0	0.0	0.0	0.0	0.0	0.0	0.0	0.0	0.0	0.0
PR0090	0.0774434429204	0.234262276515	0.297206356333	0.15549918871	0.0	0.0	0.13083874515	0.0	0.378435632451	0.0210328359719	0.00725270205929	0.398898613261	0.0326371592668	0.0696259397692	0.0	0.607722441733
PR0091	0.0	0.0	0.0	0.0	0.0	0.0	0.0	0.0	0.0	0.0	0.0	0.0	0.0	0.0	0.0	0.0
PR0092	0.261999215842	1.15033176884	0.701293631101	0.500807042721	0.0	0.00216564891803	0.332244094526	0.0	0.936863674885	0.968504237608	0.298532481534	1.45248681188	0.164741743266	0.0782885354413	0.00541412229507	1.51504873036
PR0093	0.0	0.0	0.0	0.0	0.0	0.0	0.0	0.0	0.0	0.0	0.0	0.0	0.0	0.0	0.0	0.0
PR0095	0.0	0.0	0.0	0.0	0.0	0.0	0.0	0.0	0.0	0.0	0.0	0.0	0.0	0.0	0.0	0.0
PR0096	0.53220526726	1.85838211401	1.11070967244	1.52953281821	0.0	0.203219111524	0.553511810376	0.0	1.53491332074	1.50589845178	1.33880387415	2.13053786683	0.37645147533	0.416980168808	0.695068265502	2.36209596076
PR0097	0.666184879865	2.621461424	1.32069973564	1.7732884736	0.0	0.205384760442	0.669470011475	0.0	1.84619556884	2.43963389277	1.62534711547	2.92361646704	0.487241637641	0.380171998212	0.700482387797	2.87253561209
PR0098	0.681031921826	2.08935334922	0.995729575189	1.98630717233	0.0	0.256258826861	0.615130788956	1.85694802073	1.69288955284	1.8779808567	1.8382034505	2.25584663399	1.77816829875	1.80958623519	1.85694802073	2.44530721744
PR0099	0.0774434429204	0.234262276515	0.297206356333	0.15549918871	0.0	0.0	0.13083874515	0.0	0.378435632451	0.0210328359719	0.00725270205929	0.398898613261	0.0326371592668	0.0696259397692	0.0	0.607722441733
PR0100	0.0	0.0	0.0	0.0	0.0	0.0	0.0	0.0	0.0	0.0	0.0	0.0	0.0	0.0	0.0	0.0
PR0101	0.0	0.0	0.0	0.0	0.0	0.0	0.0	0.0	0.0	0.0	0.0	0.0	0.0	0.0	0.0	0.0
PR0102	0.681031921826	2.08935334922	0.995729575189	1.98630717233	0.0	0.256258826861	0.615130788956	1.85694802073	1.69288955284	1.8779808567	1.8382034505	2.25584663399	1.77816829875	1.80958623519	1.85694802073	2.44530721744
PR0103	0.481629106943	1.70539193168	0.916612460874	1.42798061959	0.0	0.203219111524	0.468064662099	0.0	1.28776752641	1.49216249113	1.33406733599	1.87002826842	0.355137053642	0.37150940254	0.695068265502	1.96520932346
PR0104	0.184555772922	0.916069492325	0.404087274768	0.345307854011	0.0	0.00216564891803	0.201405349376	0.0	0.558428042434	0.947471401637	0.291279779475	1.05358819862	0.132104584	0.00866259567211	0.00541412229507	0.907326288631
PR0105	0.128019603237	0.387252458853	0.491303567902	0.257051387331	0.0	0.0	0.216285893427	0.0	0.625581426785	0.0347687966153	0.0119892402122	0.659408211669	0.0539515809547	0.115096706037	0.0	1.00460907903
PR0106	0.481629106943	1.70539193168	0.916612460874	1.42798061959	0.0	0.203219111524	0.468064662099	0.0	1.28776752641	1.49216249113	1.33406733599	1.87002826842	0.355137053642	0.37150940254	0.695068265502	1.96520932346
PR0107	0.605125472451	2.68187497022	1.62553851853	2.5410898531	0.0	0.326834894825	0.842310675337	2.23909824763	2.24993486153	2.36122334764	1.05086949274	3.5639564594	0.574496722583	2.11362884254	0.012131417038	3.5931842492
PR0108	0.184555772922	0.916069492325	0.404087274768	0.345307854011	0.0	0.00216564891803	0.201405349376	0.0	0.558428042434	0.947471401637	0.291279779475	1.05358819862	0.132104584	0.00866259567211	0.00541412229507	0.907326288631
PR0109	0.184555772922	0.916069492325	0.404087274768	0.345307854011	0.0	0.00216564891803	0.201405349376	0.0	0.558428042434	0.947471401637	0.291279779475	1.05358819862	0.132104584	0.00866259567211	0.00541412229507	0.907326288631
PR0110	0.0774434429204	0.234262276515	0.297206356333	0.15549918871	0.0	0.0	0.13083874515	0.0	0.378435632451	0.0210328359719	0.00725270205929	0.398898613261	0.0326371592668	0.0696259397692	0.0	0.607722441733
PR0111	0.70680156243	2.36603463425	0.767939423374	2.04141723626	0.0260524334102	0.172893421722	0.416838934563	0.0236840303729	1.2256485718	2.36129782818	2.15761516697	2.29971934921	0.447628174048	1.3784105677	2.34471900692	2.31165033693
PR0112	0.0774434429204	0.234262276515	0.297206356333	0.15549918871	0.0	0.0	0.13083874515	0.0	0.378435632451	0.0210328359719	0.00725270205929	0.398898613261	0.0326371592668	0.0696259397692	0.0	0.607722441733
PR0113	0.927922047274	3.29868725579	1.71713738878	2.775352003	0.0	0.402180182159	0.88367184788	0.0	2.42519202449	2.94620359355	2.63781782083	3.5708430086	0.692194043947	0.712538280983	1.37557279695	3.69113948101
PR0114	1.83153079867	2.09076365429	2.19481476334	1.96056258276	1.70351119543	1.70351119543	1.91979708886	1.70351119543	2.32909262222	1.73827999205	1.71550043565	2.3629194071	1.75746277639	1.81860790147	1.70351119543	2.70812027446
PR0115	0.0	0.0	0.0	0.0	0.0	0.0	0.0	0.0	0.0	0.0	0.0	0.0	0.0	0.0	0.0	0.0
PR0116	1.96551041128	2.85384296427	2.40480482653	2.20431823815	1.70351119543	1.70567684435	2.03575528996	1.70351119543	2.64037487032	2.67201543304	2.00204367697	3.15599800731	1.8682529387	1.78179973087	1.70892531773	3.2185599258
PR0117	0.0774434429204	0.234262276515	0.297206356333	0.15549918871	0.0	0.0	0.13083874515	0.0	0.378435632451	0.0210328359719	0.00725270205929	0.398898613261	0.0326371592668	0.0696259397692	0.0	0.607722441733
PR0118	0.261999215842	1.15033176884	0.701293631101	0.500807042721	0.0	0.00216564891803	0.332244094526	0.0	0.936863674885	0.968504237608	0.298532481534	1.45248681188	0.164741743266	0.0782885354413	0.00541412229507	1.51504873036
PR0119	0.0	0.0	0.0	0.0	0.0	0.0	0.0	0.0	0.0	0.0	0.0	0.0	0.0	0.0	0.0	0.0
PR0120	2.23571646269	3.56189330945	2.81422086788	3.23304401365	1.70351119543	1.90673030696	2.25702300581	1.70351119543	3.23842451617	3.20940964721	3.04231506958	3.83404906226	2.07996267076	2.12049136424	2.39857946093	4.06560715619
PR0121	0.0774434429204	0.234262276515	0.297206356333	0.15549918871	0.0	0.0	0.13083874515	0.0	0.378435632451	0.0210328359719	0.00725270205929	0.398898613261	0.0326371592668	0.0696259397692	0.0	0.607722441733
PR0122	0.0774434429204	0.234262276515	0.297206356333	0.15549918871	0.0	0.0	0.13083874515	0.0	0.378435632451	0.0210328359719	0.00725270205929	0.398898613261	0.0326371592668	0.0696259397692	0.0	0.607722441733
PR0123	0.0	0.0	0.0	0.0	0.0	0.0	0.0	0.0	0.0	0.0	0.0	0.0	0.0	0.0	0.0	0.0
PR0124	0.0774434429204	0.234262276515	0.297206356333	0.15549918871	0.0	0.0	0.13083874515	0.0	0.378435632451	0.0210328359719	0.00725270205929	0.398898613261	0.0326371592668	0.0696259397692	0.0	0.607722441733
PR0125	0.0	0.0	0.0	0.0	0.0	0.0	0.0	0.0	0.0	0.0	0.0	0.0	0.0	0.0	0.0	0.0
PR0126	0.481629106943	1.70539193168	0.916612460874	1.42798061959	0.0	0.203219111524	0.468064662099	0.0	1.28776752641	1.49216249113	1.33406733599	1.87002826842	0.355137053642	0.37150940254	0.695068265502	1.96520932346
PR0127	0.0	0.0	0.0	0.0	0.0	0.0	0.0	0.0	0.0	0.0	0.0	0.0	0.0	0.0	0.0	0.0
PR0128	0.0	0.0	0.0	0.0	0.0	0.0	0.0	0.0	0.0	0.0	0.0	0.0	0.0	0.0	0.0	0.0
PR0129	1.06283767389	4.10033176884	2.75209676894	3.6819115365	0.16	0.467165648918	1.32524409453	0.0	3.46722081774	1.15350423761	0.323532481534	3.46248681188	0.879741743266	0.208288535441	0.0454141222951	5.66773155613
PR0130	0.481629106943	1.70539193168	0.916612460874	1.42798061959	0.0	0.203219111524	0.468064662099	0.0	1.28776752641	1.49216249113	1.33406733599	1.87002826842	0.355137053642	0.37150940254	0.695068265502	1.96520932346
PR0131	0.0774434429204	0.234262276515	0.297206356333	0.15549918871	0.0	0.0	0.13083874515	0.0	0.378435632451	0.0210328359719	0.00725270205929	0.398898613261	0.0326371592668	0.0696259397692	0.0	0.607722441733
PR0132	0.0774434429204	0.234262276515	0.297206356333	0.15549918871	0.0	0.0	0.13083874515	0.0	0.378435632451	0.0210328359719	0.00725270205929	0.398898613261	0.0326371592668	0.0696259397692	0.0	0.607722441733
PR0133	0.0774434429204	0.234262276515	0.297206356333	0.15549918871	0.0	0.0	0.13083874515	0.0	0.378435632451	0.0210328359719	0.00725270205929	0.398898613261	0.0326371592668	0.0696259397692	0.0	0.607722441733
PR0134	0.0	0.0	0.0	0.0	0.0	0.0	0.0	0.0	0.0	0.0	0.0	0.0	0.0	0.0	0.0	0.0
PR0135	0.261999215842	1.15033176884	0.701293631101	0.500807042721	0.0	0.00216564891803	0.332244094526	0.0	0.936863674885	0.968504237608	0.298532481534	1.45248681188	0.164741743266	0.0782885354413	0.00541412229507	1.51504873036
PR0136	0.0774434429204	0.234262276515	0.297206356333	0.15549918871	0.0	0.0	0.13083874515	0.0	0.378435632451	0.0210328359719	0.00725270205929	0.398898613261	0.0326371592668	0.0696259397692	0.0	0.607722441733
PR0137	0.0	0.0	0.0	0.0	0.0	0.0	0.0	0.0	0.0	0.0	0.0	0.0	0.0	0.0	0.0	0.0
PR0138	0.128019603237	0.387252458853	0.491303567902	0.257051387331	0.0	0.0	0.216285893427	0.0	0.625581426785	0.0347687966153	0.0119892402122	0.659408211669	0.0539515809547	0.115096706037	0.0	1.00460907903
PR0140	0.0	0.0	0.0	0.0	0.0	0.0	0.0	0.0	0.0	0.0	0.0	0.0	0.0	0.0	0.0	0.0
PR0141	0.53220526726	1.85838211401	1.11070967244	1.52953281821	0.0	0.203219111524	0.553511810376	0.0	1.53491332074	1.50589845178	1.33880387415	2.13053786683	0.37645147533	0.416980168808	0.695068265502	2.36209596076
PR0142	0.0774434429204	0.234262276515	0.297206356333	0.15549918871	0.0	0.0	0.13083874515	0.0	0.378435632451	0.0210328359719	0.00725270205929	0.398898613261	0.0326371592668	0.0696259397692	0.0	0.607722441733
PR0143	1.85428513068	6.78872528541	3.15936566243	6.0628786621	1.87289241944	2.46914571335	2.63737893784	5.10275510242	4.88538477645	6.68564856142	5.30651113749	7.51051589589	3.75749852013	5.24660548544	4.34889855069	7.25169874506
PR0144	1.42319316172	3.3534516684	2.24860155215	5.13420790078	0.047573592657	0.534904155281	1.29883127771	4.87107492693	3.3531108476	3.59402830612	1.97752611471	2.25584663399	2.32186650055	3.9028243121	5.24486744066	5.80352875165
PR0145	0.681031921826	2.08935334922	0.995729575189	1.98630717233	0.0	0.256258826861	0.615130788956	1.85694802073	1.69288955284	1.8779808567	1.8382034505	2.25584663399	1.77816829875	1.80958623519	1.85694802073	2.44530721744
PR0146	0.261999215842	1.15033176884	0.701293631101	0.500807042721	0.0	0.00216564891803	0.332244094526	0.0	0.936863674885	0.968504237608	0.298532481534	1.45248681188	0.164741743266	0.0782885354413	0.00541412229507	1.51504873036
PR0148	1.83153079867	2.09076365429	2.19481476334	1.96056258276	1.70351119543	1.70351119543	1.91979708886	1.70351119543	2.32909262222	1.73827999205	1.71550043565	2.3629194071	1.75746277639	1.81860790147	1.70351119543	2.70812027446
PR0149	0.0	0.0	0.0	0.0	0.0	0.0	0.0	0.0	0.0	0.0	0.0	0.0	0.0	0.0	0.0	0.0
PR0150	0.0774434429204	0.234262276515	0.297206356333	0.15549918871	0.0	0.0	0.13083874515	0.0	0.378435632451	0.0210328359719	0.00725270205929	0.398898613261	0.0326371592668	0.0696259397692	0.0	0.607722441733
PR0151	0.0	0.0	0.0	0.0	0.0	0.0	0.0	0.0	0.0	0.0	0.0	0.0	0.0	0.0	0.0	0.0
PR0153	0.0	0.0	0.0	0.0	0.0	0.0	0.0	0.0	0.0	0.0	0.0	0.0	0.0	0.0	0.0	0.0
PR0155	0.0774434429204	0.234262276515	0.297206356333	0.15549918871	0.0	0.0	0.13083874515	0.0	0.378435632451	0.0210328359719	0.00725270205929	0.398898613261	0.0326371592668	0.0696259397692	0.0	0.607722441733
PR0156	0.481629106943	1.70539193168	0.916612460874	1.42798061959	0.0	0.203219111524	0.468064662099	0.0	1.28776752641	1.49216249113	1.33406733599	1.87002826842	0.355137053642	0.37150940254	0.695068265502	1.96520932346
PR0158	0.184555772922	0.916069492325	0.404087274768	0.345307854011	0.0	0.00216564891803	0.201405349376	0.0	0.558428042434	0.947471401637	0.291279779475	1.05358819862	0.132104584	0.00866259567211	0.00541412229507	0.907326288631
PR0159	0.184555772922	0.916069492325	0.404087274768	0.345307854011	0.0	0.00216564891803	0.201405349376	0.0	0.558428042434	0.947471401637	0.291279779475	1.05358819862	0.132104584	0.00866259567211	0.00541412229507	0.907326288631
PR0160	0.481629106943	1.70539193168	0.916612460874	1.42798061959	0.0	0.203219111524	0.468064662099	0.0	1.28776752641	1.49216249113	1.33406733599	1.87002826842	0.355137053642	0.37150940254	0.695068265502	1.96520932346
PR0161	0.716744194023	2.300903708	0.960171429603	1.99145719714	0.520524762772	0.734723005859	0.631078694688	0.0921282765967	1.42387541776	2.30320691492	2.07058301651	2.30320691492	0.400758003196	1.70206991012	1.22300287182	2.26121764446
PR0163	0.0	0.0	0.0	0.0	0.0	0.0	0.0	0.0	0.0	0.0	0.0	0.0	0.0	0.0	0.0	0.0
PR0164	0.481629106943	1.70539193168	0.916612460874	1.42798061959	0.0	0.203219111524	0.468064662099	0.0	1.28776752641	1.49216249113	1.33406733599	1.87002826842	0.355137053642	0.37150940254	0.695068265502	1.96520932346
PR0165	0.716744194023	2.300903708	0.960171429603	1.99145719714	0.520524762772	0.734723005859	0.631078694688	0.0921282765967	1.42387541776	2.30320691492	2.07058301651	2.30320691492	0.400758003196	1.70206991012	1.22300287182	2.26121764446
PR0166	0.261999215842	1.15033176884	0.701293631101	0.500807042721	0.0	0.00216564891803	0.332244094526	0.0	0.936863674885	0.968504237608	0.298532481534	1.45248681188	0.164741743266	0.0782885354413	0.00541412229507	1.51504873036
PR0167	0.0	0.0	0.0	0.0	0.0	0.0	0.0	0.0	0.0	0.0	0.0	0.0	0.0	0.0	0.0	0.0
PR0170	0.0	0.0	0.0	0.0	0.0	0.0	0.0	0.0	0.0	0.0	0.0	0.0	0.0	0.0	0.0	0.0
PR0171	0.0	0.0	0.0	0.0	0.0	0.0	0.0	0.0	0.0	0.0	0.0	0.0	0.0	0.0	0.0	0.0
PR0172	0.927922047274	3.29868725579	1.71713738878	2.775352003	0.0	0.402180182159	0.88367184788	0.0	2.42519202449	2.94620359355	2.63781782083	3.5708430086	0.692194043947	0.712538280983	1.37557279695	3.69113948101
PR0173	0.0	0.0	0.0	0.0	0.0	0.0	0.0	0.0	0.0	0.0	0.0	0.0	0.0	0.0	0.0	0.0
PR0174	0.0774434429204	0.234262276515	0.297206356333	0.15549918871	0.0	0.0	0.13083874515	0.0	0.378435632451	0.0210328359719	0.00725270205929	0.398898613261	0.0326371592668	0.0696259397692	0.0	0.607722441733
PR0176	0.0774434429204	0.234262276515	0.297206356333	0.15549918871	0.0	0.0	0.13083874515	0.0	0.378435632451	0.0210328359719	0.00725270205929	0.398898613261	0.0326371592668	0.0696259397692	0.0	0.607722441733
PR0177	2.46036752073	4.36874820942	3.01880388837	4.20019407378	2.69877512699	2.82044553427	2.65294844077	4.13691934105	3.56545672237	4.15795217702	4.14173863496	4.52851772987	3.55390423947	3.53979144892	2.16099192681	4.70027884165
PR0178	0.128019603237	0.387252458853	0.491303567902	0.257051387331	0.0	0.0	0.216285893427	0.0	0.625581426785	0.0347687966153	0.0119892402122	0.659408211669	0.0539515809547	0.115096706037	0.0	1.00460907903
PR0179	0.0	0.0	0.0	0.0	0.0	0.0	0.0	0.0	0.0	0.0	0.0	0.0	0.0	0.0	0.0	0.0
PR0180	0.0774434429204	0.234262276515	0.297206356333	0.15549918871	0.0	0.0	0.13083874515	0.0	0.378435632451	0.0210328359719	0.00725270205929	0.398898613261	0.0326371592668	0.0696259397692	0.0	0.607722441733
PR0181	0.184555772922	0.916069492325	0.404087274768	0.345307854011	0.0	0.00216564891803	0.201405349376	0.0	0.558428042434	0.947471401637	0.291279779475	1.05358819862	0.132104584	0.00866259567211	0.00541412229507	0.907326288631
PR0182	0.0774434429204	0.234262276515	0.297206356333	0.15549918871	0.0	0.0	0.13083874515	0.0	0.378435632451	0.0210328359719	0.00725270205929	0.398898613261	0.0326371592668	0.0696259397692	0.0	0.607722441733
PR0183	0.184555772922	0.916069492325	0.404087274768	0.345307854011	0.0	0.00216564891803	0.201405349376	0.0	0.558428042434	0.947471401637	0.291279779475	1.05358819862	0.132104584	0.00866259567211	0.00541412229507	0.907326288631
PR0184	0.70680156243	2.36603463425	0.767939423374	2.04141723626	0.0260524334102	0.172893421722	0.416838934563	0.0236840303729	1.2256485718	2.36129782818	2.15761516697	2.29971934921	0.447628174048	1.3784105677	2.34471900692	2.31165033693
PR0185	1.36826059317	4.74240201767	2.25933015504	4.33559288878	1.76676614832	2.11924653789	1.91132983637	3.04614853159	3.27755526365	4.53831102272	4.38021586758	4.91617680001	3.22765511893	3.37196570616	3.52494025135	4.96192446613
PR0186	0.0774434429204	0.234262276515	0.297206356333	0.15549918871	0.0	0.0	0.13083874515	0.0	0.378435632451	0.0210328359719	0.00725270205929	0.398898613261	0.0326371592668	0.0696259397692	0.0	0.607722441733
PR0187	0.184555772922	0.916069492325	0.404087274768	0.345307854011	0.0	0.00216564891803	0.201405349376	0.0	0.558428042434	0.947471401637	0.291279779475	1.05358819862	0.132104584	0.00866259567211	0.00541412229507	0.907326288631
PR0188	0.716744194023	2.300903708	0.960171429603	1.99145719714	0.520524762772	0.734723005859	0.631078694688	0.0921282765967	1.42387541776	2.30320691492	2.07058301651	2.30320691492	0.400758003196	1.70206991012	1.22300287182	2.26121764446
PR0190	0.0	0.0	0.0	0.0	0.0	0.0	0.0	0.0	0.0	0.0	0.0	0.0	0.0	0.0	0.0	0.0
PR0191	0.0	0.0	0.0	0.0	0.0	0.0	0.0	0.0	0.0	0.0	0.0	0.0	0.0	0.0	0.0	0.0
PR0192	1.78095463835	1.93777347195	2.00071755177	1.85901038414	1.70351119543	1.70351119543	1.83434994058	1.70351119543	2.08194682788	1.72454403141	1.71076389749	2.10240980869	1.7361483547	1.7731371352	1.70351119543	2.31123363717
PR0193	0.0	0.0	0.0	0.0	0.0	0.0	0.0	0.0	0.0	0.0	0.0	0.0	0.0	0.0	0.0	0.0
PR0194	0.0	0.0	0.0	0.0	0.0	0.0	0.0	0.0	0.0	0.0	0.0	0.0	0.0	0.0	0.0	0.0
PR0195	0.0774434429204	0.234262276515	0.297206356333	0.15549918871	0.0	0.0	0.13083874515	0.0	0.378435632451	0.0210328359719	0.00725270205929	0.398898613261	0.0326371592668	0.0696259397692	0.0	0.607722441733
PR0196	0.481629106943	1.70539193168	0.916612460874	1.42798061959	0.0	0.203219111524	0.468064662099	0.0	1.28776752641	1.49216249113	1.33406733599	1.87002826842	0.355137053642	0.37150940254	0.695068265502	1.96520932346
PR0197	0.128019603237	0.387252458853	0.491303567902	0.257051387331	0.0	0.0	0.216285893427	0.0	0.625581426785	0.0347687966153	0.0119892402122	0.659408211669	0.0539515809547	0.115096706037	0.0	1.00460907903
PR0198	1.78095463835	1.93777347195	2.00071755177	1.85901038414	1.70351119543	1.70351119543	1.83434994058	1.70351119543	2.08194682788	1.72454403141	1.71076389749	2.10240980869	1.7361483547	1.7731371352	1.70351119543	2.31123363717
PR0199	0.0774434429204	0.234262276515	0.297206356333	0.15549918871	0.0	0.0	0.13083874515	0.0	0.378435632451	0.0210328359719	0.00725270205929	0.398898613261	0.0326371592668	0.0696259397692	0.0	0.607722441733
PR0203	0.0	0.0	0.0	0.0	0.0	0.0	0.0	0.0	0.0	0.0	0.0	0.0	0.0	0.0	0.0	0.0
PR0204	1.78095463835	1.93777347195	2.00071755177	1.85901038414	1.70351119543	1.70351119543	1.83434994058	1.70351119543	2.08194682788	1.72454403141	1.71076389749	2.10240980869	1.7361483547	1.7731371352	1.70351119543	2.31123363717
PR0206	0.0774434429204	0.234262276515	0.297206356333	0.15549918871	0.0	0.0	0.13083874515	0.0	0.378435632451	0.0210328359719	0.00725270205929	0.398898613261	0.0326371592668	0.0696259397692	0.0	0.607722441733
PR0207	0.0774434429204	0.234262276515	0.297206356333	0.15549918871	0.0	0.0	0.13083874515	0.0	0.378435632451	0.0210328359719	0.00725270205929	0.398898613261	0.0326371592668	0.0696259397692	0.0	0.607722441733
PR0208	1.7303710287	5.91107383095	2.25504144133	5.2911702983	0.130000112917	0.537166113615	1.31040631265	4.67000405633	3.34593046364	5.86747567512	4.45128339282	5.92859243301	4.0771080106	4.5736665608	5.00541846526	5.9073306316
PR0210	0.481629106943	1.70539193168	0.916612460874	1.42798061959	0.0	0.203219111524	0.468064662099	0.0	1.28776752641	1.49216249113	1.33406733599	1.87002826842	0.355137053642	0.37150940254	0.695068265502	1.96520932346
PR0213	0.0774434429204	0.234262276515	0.297206356333	0.15549918871	0.0	0.0	0.13083874515	0.0	0.378435632451	0.0210328359719	0.00725270205929	0.398898613261	0.0326371592668	0.0696259397692	0.0	0.607722441733
PR0214	0.0774434429204	0.234262276515	0.297206356333	0.15549918871	0.0	0.0	0.13083874515	0.0	0.378435632451	0.0210328359719	0.00725270205929	0.398898613261	0.0326371592668	0.0696259397692	0.0	0.607722441733
PR0215	0.0774434429204	0.234262276515	0.297206356333	0.15549918871	0.0	0.0	0.13083874515	0.0	0.378435632451	0.0210328359719	0.00725270205929	0.398898613261	0.0326371592668	0.0696259397692	0.0	0.607722441733
PR0216	0.481629106943	1.70539193168	0.916612460874	1.42798061959	0.0	0.203219111524	0.468064662099	0.0	1.28776752641	1.49216249113	1.33406733599	1.87002826842	0.355137053642	0.37150940254	0.695068265502	1.96520932346
PR0217	0.0774434429204	0.234262276515	0.297206356333	0.15549918871	0.0	0.0	0.13083874515	0.0	0.378435632451	0.0210328359719	0.00725270205929	0.398898613261	0.0326371592668	0.0696259397692	0.0	0.607722441733
PR0218	1.43727358793	6.25393527223	2.86692485319	4.1198964524	0.129466990517	0.756544234358	1.41298044273	0.00369905687192	3.97183217846	2.45812917713	1.63644428608	6.1565921731	1.10868319212	0.616911638015	4.33295623602	6.2998021027
PR0219	0.0	0.0	0.0	0.0	0.0	0.0	0.0	0.0	0.0	0.0	0.0	0.0	0.0	0.0	0.0	0.0
PR0220	1.83153079867	2.09076365429	2.19481476334	1.96056258276	1.70351119543	1.70351119543	1.91979708886	1.70351119543	2.32909262222	1.73827999205	1.71550043565	2.3629194071	1.75746277639	1.81860790147	1.70351119543	2.70812027446
PR0221	0.0774434429204	0.234262276515	0.297206356333	0.15549918871	0.0	0.0	0.13083874515	0.0	0.378435632451	0.0210328359719	0.00725270205929	0.398898613261	0.0326371592668	0.0696259397692	0.0	0.607722441733
SOPR0222	0.0	0.0	0.0	0.0	0.0	0.0	0.0	0.0	0.0	0.0	0.0	0.0	0.0	0.0	0.0	0.0
SOPR0223	0.0774434429204	0.234262276515	0.297206356333	0.15549918871	0.0	0.0	0.13083874515	0.0	0.378435632451	0.0210328359719	0.00725270205929	0.398898613261	0.0326371592668	0.0696259397692	0.0	0.607722441733
SOPR0224	0.0774434429204	0.234262276515	0.297206356333	0.15549918871	0.0	0.0	0.13083874515	0.0	0.378435632451	0.0210328359719	0.00725270205929	0.398898613261	0.0326371592668	0.0696259397692	0.0	0.607722441733
SOPR0225	0.0	0.0	0.0	0.0	0.0	0.0	0.0	0.0	0.0	0.0	0.0	0.0	0.0	0.0	0.0	0.0
SOPR0226	1.83153079867	2.09076365429	2.19481476334	1.96056258276	1.70351119543	1.70351119543	1.91979708886	1.70351119543	2.32909262222	1.73827999205	1.71550043565	2.3629194071	1.75746277639	1.81860790147	1.70351119543	2.70812027446
SOPR0227	0.0	0.0	0.0	0.0	0.0	0.0	0.0	0.0	0.0	0.0	0.0	0.0	0.0	0.0	0.0	0.0
SOPR0228	0.128019603237	0.387252458853	0.491303567902	0.257051387331	0.0	0.0	0.216285893427	0.0	0.625581426785	0.0347687966153	0.0119892402122	0.659408211669	0.0539515809547	0.115096706037	0.0	1.00460907903
SOPR0229	0.0774434429204	0.234262276515	0.297206356333	0.15549918871	0.0	0.0	0.13083874515	0.0	0.378435632451	0.0210328359719	0.00725270205929	0.398898613261	0.0326371592668	0.0696259397692	0.0	0.607722441733
SOPR0230	0.0774434429204	0.234262276515	0.297206356333	0.15549918871	0.0	0.0	0.13083874515	0.0	0.378435632451	0.0210328359719	0.00725270205929	0.398898613261	0.0326371592668	0.0696259397692	0.0	0.607722441733
SOPR0231	0.128019603237	0.387252458853	0.491303567902	0.257051387331	0.0	0.0	0.216285893427	0.0	0.625581426785	0.0347687966153	0.0119892402122	0.659408211669	0.0539515809547	0.115096706037	0.0	1.00460907903
SOPR0232	0.0	0.0	0.0	0.0	0.0	0.0	0.0	0.0	0.0	0.0	0.0	0.0	0.0	0.0	0.0	0.0
SOPR0233	0.184555772922	0.916069492325	0.404087274768	0.345307854011	0.0	0.00216564891803	0.201405349376	0.0	0.558428042434	0.947471401637	0.291279779475	1.05358819862	0.132104584	0.00866259567211	0.00541412229507	0.907326288631
SOPR0234	0.261999215842	1.15033176884	0.701293631101	0.500807042721	0.0	0.00216564891803	0.332244094526	0.0	0.936863674885	0.968504237608	0.298532481534	1.45248681188	0.164741743266	0.0782885354413	0.00541412229507	1.51504873036
SOPR0236	0.80350489671	4.25011140775	2.00658573616	3.73688755502	0.0	0.0782575728139	0.98178687901	0.943209693388	2.62613434034	0.185785620843	0.10198555336	3.87930119367	0.259172238465	3.77656359937	1.73402306077	4.39859516593
SOPR0237	0.0	0.0	0.0	0.0	0.0	0.0	0.0	0.0	0.0	0.0	0.0	0.0	0.0	0.0	0.0	0.0
SOPR0238	0.0	0.0	0.0	0.0	0.0	0.0	0.0	0.0	0.0	0.0	0.0	0.0	0.0	0.0	0.0	0.0
SOPR0240	0.0	0.0	0.0	0.0	0.0	0.0	0.0	0.0	0.0	0.0	0.0	0.0	0.0	0.0	0.0	0.0
SOPR0241	0.0	0.0	0.0	0.0	0.0	0.0	0.0	0.0	0.0	0.0	0.0	0.0	0.0	0.0	0.0	0.0
SOPR0243	0.869162051673	3.49259326016	1.66111349123	3.20830385186	0.323522225327	0.630538214667	0.86371562293	0.257497281382	2.1728992875	0.351157555693	0.0600726572146	2.55791428024	0.682982857117	1.54528343692	3.26823472524	3.59072220525
SOPR0244	0.0	0.0	0.0	0.0	0.0	0.0	0.0	0.0	0.0	0.0	0.0	0.0	0.0	0.0	0.0	0.0
SOPR0245	0.0774434429204	0.234262276515	0.297206356333	0.15549918871	0.0	0.0	0.13083874515	0.0	0.378435632451	0.0210328359719	0.00725270205929	0.398898613261	0.0326371592668	0.0696259397692	0.0	0.607722441733
SOPR0246	0.0	0.0	0.0	0.0	0.0	0.0	0.0	0.0	0.0	0.0	0.0	0.0	0.0	0.0	0.0	0.0
SOPR0247	0.527682029531	2.44761269371	1.32833216219	2.38559066439	0.0	0.326834894825	0.711471930187	2.23909824763	1.87149922908	2.34019051166	1.04361679068	3.16505784614	0.541859563317	2.04400290277	0.012131417038	2.98546180746
SOPR0249	0.0	0.0	0.0	0.0	0.0	0.0	0.0	0.0	0.0	0.0	0.0	0.0	0.0	0.0	0.0	0.0
SOPR0250	0.0774434429204	0.234262276515	0.297206356333	0.15549918871	0.0	0.0	0.13083874515	0.0	0.378435632451	0.0210328359719	0.00725270205929	0.398898613261	0.0326371592668	0.0696259397692	0.0	0.607722441733
SOPR0251	0.0774434429204	0.234262276515	0.297206356333	0.15549918871	0.0	0.0	0.13083874515	0.0	0.378435632451	0.0210328359719	0.00725270205929	0.398898613261	0.0326371592668	0.0696259397692	0.0	0.607722441733
SOPR0252	0.716744194023	2.300903708	0.960171429603	1.99145719714	0.520524762772	0.734723005859	0.631078694688	0.0921282765967	1.42387541776	2.30320691492	2.07058301651	2.30320691492	0.400758003196	1.70206991012	1.22300287182	2.26121764446
SOPR0253	0.0774434429204	0.234262276515	0.297206356333	0.15549918871	0.0	0.0	0.13083874515	0.0	0.378435632451	0.0210328359719	0.00725270205929	0.398898613261	0.0326371592668	0.0696259397692	0.0	0.607722441733
SOPR0254	0.0	0.0	0.0	0.0	0.0	0.0	0.0	0.0	0.0	0.0	0.0	0.0	0.0	0.0	0.0	0.0
SOPR0255	1.16104198932	4.13636666915	1.93469879748	3.76916430923	0.995263931557	1.32015345036	1.28666316228	2.43340814561	2.7712774209	3.92557063675	3.76504207346	4.2961361896	2.17289293842	2.13816371626	1.15254899688	4.35425452795
SOPR0256	0.481629106943	1.70539193168	0.916612460874	1.42798061959	0.0	0.203219111524	0.468064662099	0.0	1.28776752641	1.49216249113	1.33406733599	1.87002826842	0.355137053642	0.37150940254	0.695068265502	1.96520932346
SOPR0257	1.78095463835	1.93777347195	2.00071755177	1.85901038414	1.70351119543	1.70351119543	1.83434994058	1.70351119543	2.08194682788	1.72454403141	1.71076389749	2.10240980869	1.7361483547	1.7731371352	1.70351119543	2.31123363717
SOPR0258	0.0	0.0	0.0	0.0	0.0	0.0	0.0	0.0	0.0	0.0	0.0	0.0	0.0	0.0	0.0	0.0
SOPR0259	0.0774434429204	0.234262276515	0.297206356333	0.15549918871	0.0	0.0	0.13083874515	0.0	0.378435632451	0.0210328359719	0.00725270205929	0.398898613261	0.0326371592668	0.0696259397692	0.0	0.607722441733
SOPR0260	0.0	0.0	0.0	0.0	0.0	0.0	0.0	0.0	0.0	0.0	0.0	0.0	0.0	0.0	0.0	0.0
SOPR0261	0.261999215842	1.15033176884	0.701293631101	0.500807042721	0.0	0.00216564891803	0.332244094526	0.0	0.936863674885	0.968504237608	0.298532481534	1.45248681188	0.164741743266	0.0782885354413	0.00541412229507	1.51504873036
SOPR0262	1.6454175541	5.2242666108	2.15749934311	5.0851190634	0.120000104231	1.61000139844	1.65184006628	5.00000434297	3.59808128616	5.0160371746	4.992257032	5.39890295623	3.08263980848	4.7396299961	4.92500427782	5.54902912996
SOPR0263	0.0	0.0	0.0	0.0	0.0	0.0	0.0	0.0	0.0	0.0	0.0	0.0	0.0	0.0	0.0	0.0
SOPR0266	0.0	0.0	0.0	0.0	0.0	0.0	0.0	0.0	0.0	0.0	0.0	0.0	0.0	0.0	0.0	0.0
SOPR0267	0.0	0.0	0.0	0.0	0.0	0.0	0.0	0.0	0.0	0.0	0.0	0.0	0.0	0.0	0.0	0.0
SOPR0268	0.0774434429204	0.234262276515	0.297206356333	0.15549918871	0.0	0.0	0.13083874515	0.0	0.378435632451	0.0210328359719	0.00725270205929	0.398898613261	0.0326371592668	0.0696259397692	0.0	0.607722441733
SOPR0270	0.0	0.0	0.0	0.0	0.0	0.0	0.0	0.0	0.0	0.0	0.0	0.0	0.0	0.0	0.0	0.0
SOPR0271	1.19837330097	4.00629563968	1.87678389048	3.41943781674	0.520524762772	0.937942117383	1.09914335679	0.0921282765967	2.71164294417	3.79536940605	3.40465035251	4.17323518334	0.755895056837	2.07357931266	1.91807113732	4.22642696792
SOPR0273	0.184555772922	0.916069492325	0.404087274768	0.345307854011	0.0	0.00216564891803	0.201405349376	0.0	0.558428042434	0.947471401637	0.291279779475	1.05358819862	0.132104584	0.00866259567211	0.00541412229507	0.907326288631
SOPR0274	0.53220526726	1.85838211401	1.11070967244	1.52953281821	0.0	0.203219111524	0.553511810376	0.0	1.53491332074	1.50589845178	1.33880387415	2.13053786683	0.37645147533	0.416980168808	0.695068265502	2.36209596076
SOPR0275	0.716744194023	2.300903708	0.960171429603	1.99145719714	0.520524762772	0.734723005859	0.631078694688	0.0921282765967	1.42387541776	2.30320691492	2.07058301651	2.30320691492	0.400758003196	1.70206991012	1.22300287182	2.26121764446
SOPR0276	0.261999215842	1.15033176884	0.701293631101	0.500807042721	0.0	0.00216564891803	0.332244094526	0.0	0.936863674885	0.968504237608	0.298532481534	1.45248681188	0.164741743266	0.0782885354413	0.00541412229507	1.51504873036
SOPR0277	0.0	0.0	0.0	0.0	0.0	0.0	0.0	0.0	0.0	0.0	0.0	0.0	0.0	0.0	0.0	0.0
SOPR0278	0.0774434429204	0.234262276515	0.297206356333	0.15549918871	0.0	0.0	0.13083874515	0.0	0.378435632451	0.0210328359719	0.00725270205929	0.398898613261	0.0326371592668	0.0696259397692	0.0	0.607722441733
SOPR0279	0.681031921826	2.08935334922	0.995729575189	1.98630717233	0.0	0.256258826861	0.615130788956	1.85694802073	1.69288955284	1.8779808567	1.8382034505	2.25584663399	1.77816829875	1.80958623519	1.85694802073	2.44530721744
SOPR0280	0.0	0.0	0.0	0.0	0.0	0.0	0.0	0.0	0.0	0.0	0.0	0.0	0.0	0.0	0.0	0.0
SOPR0283	1.3411440872	4.45083197795	1.89912011793	4.28259590144	0.291234543943	1.06785999446	1.2544131741	4.22079049192	2.97422178498	4.2376025374	4.19005607955	4.5563772478	3.17712607575	3.93164923988	3.65520456601	4.82851293366
SOPR0284	0.0	0.0	0.0	0.0	0.0	0.0	0.0	0.0	0.0	0.0	0.0	0.0	0.0	0.0	0.0	0.0
SOPR0285	0.0774434429204	0.234262276515	0.297206356333	0.15549918871	0.0	0.0	0.13083874515	0.0	0.378435632451	0.0210328359719	0.00725270205929	0.398898613261	0.0326371592668	0.0696259397692	0.0	0.607722441733
SOPR0286	0.0	0.0	0.0	0.0	0.0	0.0	0.0	0.0	0.0	0.0	0.0	0.0	0.0	0.0	0.0	0.0
SOPR0287	0.716744194023	2.300903708	0.960171429603	1.99145719714	0.520524762772	0.734723005859	0.631078694688	0.0921282765967	1.42387541776	2.30320691492	2.07058301651	2.30320691492	0.400758003196	1.70206991012	1.22300287182	2.26121764446
SOPR0289	0.481629106943	1.70539193168	0.916612460874	1.42798061959	0.0	0.203219111524	0.468064662099	0.0	1.28776752641	1.49216249113	1.33406733599	1.87002826842	0.355137053642	0.37150940254	0.695068265502	1.96520932346
SOPR0290	0.0	0.0	0.0	0.0	0.0	0.0	0.0	0.0	0.0	0.0	0.0	0.0	0.0	0.0	0.0	0.0
SOPR0291	0.737940541016	2.95510977458	1.56909879166	2.772486779	0.0	0.101318049414	0.789436468351	0.0	2.13039291402	0.717669516683	0.105539634806	1.78573062092	0.928748786295	0.257516708927	1.72662842543	3.80995093511
SOPR0293	1.78095463835	1.93777347195	2.00071755177	1.85901038414	1.70351119543	1.70351119543	1.83434994058	1.70351119543	2.08194682788	1.72454403141	1.71076389749	2.10240980869	1.7361483547	1.7731371352	1.70351119543	2.31123363717
SOPR0294	0.0	0.0	0.0	0.0	0.0	0.0	0.0	0.0	0.0	0.0	0.0	0.0	0.0	0.0	0.0	0.0
SOPR0296	0.0774434429204	0.234262276515	0.297206356333	0.15549918871	0.0	0.0	0.13083874515	0.0	0.378435632451	0.0210328359719	0.00725270205929	0.398898613261	0.0326371592668	0.0696259397692	0.0	0.607722441733
SOPR0300	0.737940541016	2.95510977458	1.56909879166	2.772486779	0.0	0.101318049414	0.789436468351	0.0	2.13039291402	0.717669516683	0.105539634806	1.78573062092	0.928748786295	0.257516708927	1.72662842543	3.80995093511
SOPR0301	0.128019603237	0.387252458853	0.491303567902	0.257051387331	0.0	0.0	0.216285893427	0.0	0.625581426785	0.0347687966153	0.0119892402122	0.659408211669	0.0539515809547	0.115096706037	0.0	1.00460907903
SOPR0303	0.0774434429204	0.234262276515	0.297206356333	0.15549918871	0.0	0.0	0.13083874515	0.0	0.378435632451	0.0210328359719	0.00725270205929	0.398898613261	0.0326371592668	0.0696259397692	0.0	0.607722441733
SOPR0304	0.0	0.0	0.0	0.0	0.0	0.0	0.0	0.0	0.0	0.0	0.0	0.0	0.0	0.0	0.0	0.0
SOPR0306	0.0	0.0	0.0	0.0	0.0	0.0	0.0	0.0	0.0	0.0	0.0	0.0	0.0	0.0	0.0	0.0
SOPR0307	1.78095463835	1.93777347195	2.00071755177	1.85901038414	1.70351119543	1.70351119543	1.83434994058	1.70351119543	2.08194682788	1.72454403141	1.71076389749	2.10240980869	1.7361483547	1.7731371352	1.70351119543	2.31123363717
SOPR0308	0.0	0.0	0.0	0.0	0.0	0.0	0.0	0.0	0.0	0.0	0.0	0.0	0.0	0.0	0.0	0.0
SOPR0309	0.0774434429204	0.234262276515	0.297206356333	0.15549918871	0.0	0.0	0.13083874515	0.0	0.378435632451	0.0210328359719	0.00725270205929	0.398898613261	0.0326371592668	0.0696259397692	0.0	0.607722441733
SOPR0310	1.37392850417	5.68677904106	2.34086806232	5.14182937787	1.34113264905	1.49166992798	1.56370475144	2.82578884721	3.1475271468	5.30378219226	2.02434914707	5.51082305358	2.47032530496	4.46277079436	2.08302266181	5.61875207515
SOPR0311	0.0774434429204	0.234262276515	0.297206356333	0.15549918871	0.0	0.0	0.13083874515	0.0	0.378435632451	0.0210328359719	0.00725270205929	0.398898613261	0.0326371592668	0.0696259397692	0.0	0.607722441733
SOPR0312	0.886631486224	3.03701008599	1.34271769416	2.90761226919	1.76676614832	1.91602742637	1.44326517427	3.04614853159	1.98978773724	3.04614853159	3.04614853159	3.04614853159	2.87251806529	3.00045630362	2.82987198585	2.99671514267
SOPR0313	0.261999215842	1.15033176884	0.701293631101	0.500807042721	0.0	0.00216564891803	0.332244094526	0.0	0.936863674885	0.968504237608	0.298532481534	1.45248681188	0.164741743266	0.0782885354413	0.00541412229507	1.51504873036
SOPR0314	0.0774434429204	0.234262276515	0.297206356333	0.15549918871	0.0	0.0	0.13083874515	0.0	0.378435632451	0.0210328359719	0.00725270205929	0.398898613261	0.0326371592668	0.0696259397692	0.0	0.607722441733
SOPR0316	0.184555772922	0.916069492325	0.404087274768	0.345307854011	0.0	0.00216564891803	0.201405349376	0.0	0.558428042434	0.947471401637	0.291279779475	1.05358819862	0.132104584	0.00866259567211	0.00541412229507	0.907326288631
SOPR0317	0.481629106943	1.70539193168	0.916612460874	1.42798061959	0.0	0.203219111524	0.468064662099	0.0	1.28776752641	1.49216249113	1.33406733599	1.87002826842	0.355137053642	0.37150940254	0.695068265502	1.96520932346
SOPR0318	1.78095463835	1.93777347195	2.00071755177	1.85901038414	1.70351119543	1.70351119543	1.83434994058	1.70351119543	2.08194682788	1.72454403141	1.71076389749	2.10240980869	1.7361483547	1.7731371352	1.70351119543	2.31123363717
SOPR0320	0.0	0.0	0.0	0.0	0.0	0.0	0.0	0.0	0.0	0.0	0.0	0.0	0.0	0.0	0.0	0.0
SOPR0323	0.0	0.0	0.0	0.0	0.0	0.0	0.0	0.0	0.0	0.0	0.0	0.0	0.0	0.0	0.0	0.0
SOPR0325	0.184555772922	0.916069492325	0.404087274768	0.345307854011	0.0	0.00216564891803	0.201405349376	0.0	0.558428042434	0.947471401637	0.291279779475	1.05358819862	0.132104584	0.00866259567211	0.00541412229507	0.907326288631
SOPR0326	0.0	0.0	0.0	0.0	0.0	0.0	0.0	0.0	0.0	0.0	0.0	0.0	0.0	0.0	0.0	0.0
SOPR0327	0.0	0.0	0.0	0.0	0.0	0.0	0.0	0.0	0.0	0.0	0.0	0.0	0.0	0.0	0.0	0.0
SOPR0333	0.0	0.0	0.0	0.0	0.0	0.0	0.0	0.0	0.0	0.0	0.0	0.0	0.0	0.0	0.0	0.0
SOPR0334	0.0	0.0	0.0	0.0	0.0	0.0	0.0	0.0	0.0	0.0	0.0	0.0	0.0	0.0	0.0	0.0
SOPR0336	0.481629106943	1.70539193168	0.916612460874	1.42798061959	0.0	0.203219111524	0.468064662099	0.0	1.28776752641	1.49216249113	1.33406733599	1.87002826842	0.355137053642	0.37150940254	0.695068265502	1.96520932346
SOPR0339	1.56000682653	5.60531638429	2.4617856399	4.85125551985	0.0	1.05950489098	1.50292907036	1.85694802073	3.6318027496	5.39042088272	4.53682838523	5.32086451025	2.14456124028	2.1548411224	4.55557295546	5.61993225265
SOPR0340	0.0	0.0	0.0	0.0	0.0	0.0	0.0	0.0	0.0	0.0	0.0	0.0	0.0	0.0	0.0	0.0
SOPR0342	0.0774434429204	0.234262276515	0.297206356333	0.15549918871	0.0	0.0	0.13083874515	0.0	0.378435632451	0.0210328359719	0.00725270205929	0.398898613261	0.0326371592668	0.0696259397692	0.0	0.607722441733
SOPR0343	0.0	0.0	0.0	0.0	0.0	0.0	0.0	0.0	0.0	0.0	0.0	0.0	0.0	0.0	0.0	0.0
SOPR0344	0.0	0.0	0.0	0.0	0.0	0.0	0.0	0.0	0.0	0.0	0.0	0.0	0.0	0.0	0.0	0.0
SOPR0345	1.70351119543	1.70351119543	1.70351119543	1.70351119543	1.70351119543	1.70351119543	1.70351119543	1.70351119543	1.70351119543	1.70351119543	1.70351119543	1.70351119543	1.70351119543	1.70351119543	1.70351119543	1.70351119543
SOPR0346	0.0	0.0	0.0	0.0	0.0	0.0	0.0	0.0	0.0	0.0	0.0	0.0	0.0	0.0	0.0	0.0
SOPR0347	0.0	0.0	0.0	0.0	0.0	0.0	0.0	0.0	0.0	0.0	0.0	0.0	0.0	0.0	0.0	0.0
SOPR0348	0.0	0.0	0.0	0.0	0.0	0.0	0.0	0.0	0.0	0.0	0.0	0.0	0.0	0.0	0.0	0.0
SOPR0349	0.0774434429204	0.234262276515	0.297206356333	0.15549918871	0.0	0.0	0.13083874515	0.0	0.378435632451	0.0210328359719	0.00725270205929	0.398898613261	0.0326371592668	0.0696259397692	0.0	0.607722441733
SOPR0351	0.128019603237	0.387252458853	0.491303567902	0.257051387331	0.0	0.0	0.216285893427	0.0	0.625581426785	0.0347687966153	0.0119892402122	0.659408211669	0.0539515809547	0.115096706037	0.0	1.00460907903
SOPR0352	0.53220526726	1.85838211401	1.11070967244	1.52953281821	0.0	0.203219111524	0.553511810376	0.0	1.53491332074	1.50589845178	1.33880387415	2.13053786683	0.37645147533	0.416980168808	0.695068265502	2.36209596076
SOPR0353	0.0	0.0	0.0	0.0	0.0	0.0	0.0	0.0	0.0	0.0	0.0	0.0	0.0	0.0	0.0	0.0
SOPR0355	0.0774434429204	0.234262276515	0.297206356333	0.15549918871	0.0	0.0	0.13083874515	0.0	0.378435632451	0.0210328359719	0.00725270205929	0.398898613261	0.0326371592668	0.0696259397692	0.0	0.607722441733
SOPR0357	0.927922047274	3.29868725579	1.71713738878	2.775352003	0.0	0.402180182159	0.88367184788	0.0	2.42519202449	2.94620359355	2.63781782083	3.5708430086	0.692194043947	0.712538280983	1.37557279695	3.69113948101
SOPR0359	0.261999215842	1.15033176884	0.701293631101	0.500807042721	0.0	0.00216564891803	0.332244094526	0.0	0.936863674885	0.968504237608	0.298532481534	1.45248681188	0.164741743266	0.0782885354413	0.00541412229507	1.51504873036
SOPR0360	0.0	0.0	0.0	0.0	0.0	0.0	0.0	0.0	0.0	0.0	0.0	0.0	0.0	0.0	0.0	0.0
SOPR0361	0.0	0.0	0.0	0.0	0.0	0.0	0.0	0.0	0.0	0.0	0.0	0.0	0.0	0.0	0.0	0.0
SOPR0362	0.184555772922	0.916069492325	0.404087274768	0.345307854011	0.0	0.00216564891803	0.201405349376	0.0	0.558428042434	0.947471401637	0.291279779475	1.05358819862	0.132104584	0.00866259567211	0.00541412229507	0.907326288631
SOPR0365	0.0774434429204	0.234262276515	0.297206356333	0.15549918871	0.0	0.0	0.13083874515	0.0	0.378435632451	0.0210328359719	0.00725270205929	0.398898613261	0.0326371592668	0.0696259397692	0.0	0.607722441733
SOPR0367	0.0	0.0	0.0	0.0	0.0	0.0	0.0	0.0	0.0	0.0	0.0	0.0	0.0	0.0	0.0	0.0
SOPR0368	1.78095463835	1.93777347195	2.00071755177	1.85901038414	1.70351119543	1.70351119543	1.83434994058	1.70351119543	2.08194682788	1.72454403141	1.71076389749	2.10240980869	1.7361483547	1.7731371352	1.70351119543	2.31123363717
SOPR0369	0.0	0.0	0.0	0.0	0.0	0.0	0.0	0.0	0.0	0.0	0.0	0.0	0.0	0.0	0.0	0.0
SOPR0370	0.481629106943	1.70539193168	0.916612460874	1.42798061959	0.0	0.203219111524	0.468064662099	0.0	1.28776752641	1.49216249113	1.33406733599	1.87002826842	0.355137053642	0.37150940254	0.695068265502	1.96520932346
SOPR0372	0.184555772922	0.916069492325	0.404087274768	0.345307854011	0.0	0.00216564891803	0.201405349376	0.0	0.558428042434	0.947471401637	0.291279779475	1.05358819862	0.132104584	0.00866259567211	0.00541412229507	0.907326288631
SOPR0377	0.481629106943	1.70539193168	0.916612460874	1.42798061959	0.0	0.203219111524	0.468064662099	0.0	1.28776752641	1.49216249113	1.33406733599	1.87002826842	0.355137053642	0.37150940254	0.695068265502	1.96520932346
SOPR0378	0.0	0.0	0.0	0.0	0.0	0.0	0.0	0.0	0.0	0.0	0.0	0.0	0.0	0.0	0.0	0.0
SOPR0380	0.91973821199	3.6455834425	1.8552107028	3.30985605048	0.323522225327	0.630538214667	0.949162771208	0.257497281382	2.42004508184	0.364893516336	0.0648091953675	2.81842387864	0.704297278805	1.59075420319	3.26823472524	3.98760884255
SOPR0381	0.0	0.0	0.0	0.0	0.0	0.0	0.0	0.0	0.0	0.0	0.0	0.0	0.0	0.0	0.0	0.0
SOPR0384	0.0	0.0	0.0	0.0	0.0	0.0	0.0	0.0	0.0	0.0	0.0	0.0	0.0	0.0	0.0	0.0
